# R script for Peak Model
#  -- generated by MACS
p <- c(0.027185764719217687,0.03168737230034754,0.03609739788060934,0.04064127407752444,0.0452908218139027,0.04492449381043047,0.0450442548884887,0.04529786658320024,0.045657149817374926,0.04598120920506189,0.04617141797609555,0.04653070121027023,0.04703087983039577,0.04746765552684343,0.04727040198651222,0.04786216260750582,0.04764377475928199,0.04793261030048125,0.04777762537593531,0.04770013291366234,0.04768604337506725,0.04757332706630656,0.04743947644965325,0.04741129737246308,0.048038281839944394,0.04781284922242302,0.048143953379407536,0.04811577430221736,0.04860890815304536,0.04891887800213724,0.049327474621394723,0.04947541477664313,0.04948950431523821,0.04927111646701438,0.04903159431089793,0.04921475831263404,0.0489611466179225,0.04888365415564953,0.04886956461705444,0.04872162446180604,0.04905272861879056,0.04923589262052667,0.04939792231437015,0.04932042985209718,0.04969380262486695,0.04948950431523821,0.04952472816172592,0.04979242939503255,0.04981356370292518,0.049855832318710436,0.0494049670836677,0.04921475831263404,0.04914431061965861,0.04994036955028095,0.049679713086271865,0.04989810093449569,0.05019398124499249,0.049848787549412896,0.049933324780983404,0.05027147370726546,0.05068711509582049,0.050842100020366425,0.05115911463875585,0.05090550294404431,0.050658936018630314,0.05094072679053203,0.051011174483507456,0.051624069412393676,0.05159589033520351,0.05154657695012071,0.05146908448784774,0.051680427566774025,0.05180018864483225,0.051617024643096136,0.05212424803251922,0.052166516648304476,0.052293322495660245,0.05208902418603151,0.052363770188635674,0.05287099357805876,0.0529273517324391,0.05311756050347276,0.052962575578926814,0.05329367973591132,0.053490933276242526,0.05341344081396955,0.05323027681223344,0.05373750020165652,0.05358956004640812,0.05324436635082853,0.05298370988681944,0.05278645634648824,0.05328663496661378,0.053505022814837606,0.05333594835169658,0.05354024666132532,0.05373045543235898,0.053448664660457265,0.053568425738515495,0.05359660481570566,0.05418836543669926,0.054596962055956745,0.054244723591079604,0.05410382820512875,0.054554693440171484,0.05440675328492309,0.05457582774806412,0.054604006825254285,0.0549844243673216,0.05573821468215868,0.055759348990051305,0.056005915915465304,0.05637224391893753,0.05652722884348347,0.056189079917201415,0.05645678115050804,0.05647087068910313,0.05670334807592204,0.05632997530315227,0.05584388622162182,0.05616794560930879,0.05585093099091936,0.055625498373397995,0.055512782064637306,0.05565367745058816,0.05544233437166188,0.0562031694557965,0.05604113976195302,0.0562031694557965,0.05625952761017684,0.05586502052951445,0.056005915915465304,0.056358154380342446,0.05658358699786382,0.05687946730836061,0.05737260115918861,0.05637224391893753,0.05697809407852621,0.05723170577323775,0.05714716854166724,0.05790095885650432,0.05786573501001661,0.05795731701088466,0.05808412285824043,0.05838000316873723,0.05809116762753797,0.05882382363448243,0.05853498809328317,0.058795644557292255,0.05876746548010208,0.058612480555556144,0.058542032862580716,0.05906334579059888,0.05923242025373991,0.05923242025373991,0.05988053902911385,0.05980304656684088,0.060422986265024646,0.0603666281106443,0.06089498580796001,0.06133880627370521,0.06178967150874795,0.06169104473858235,0.06155014935263149,0.06162059704560692,0.06166991043068972,0.06209259658854229,0.06187420874031846,0.06228280535957594,0.06255755136218011,0.0622757605902784,0.0626702676709408,0.06286047644197446,0.06327611783052949,0.06374811737346485,0.06405808722255674,0.06444554953392159,0.06495981769264221,0.06515002646367586,0.06532614569611443,0.0652697875417341,0.06548113062066038,0.06555862308293335,0.06604471216446381,0.06656602509248197,0.06691121878806157,0.0670662037126075,0.06730572586872396,0.06774250156517161,0.06827085926248733,0.06904578388521704,0.06889784372996864,0.06916554496327526,0.06960232065972292,0.0700109172789804,0.06990524573951726,0.07013772312633618,0.07041246912894034,0.07075766282451994,0.07115921467447987,0.07151145313935701,0.07257521330328598,0.07296972038394837,0.07323037684795747,0.07327969023304026,0.0733853617725034,0.07420255501101837,0.074716823169739,0.07511837501969894,0.07554106117755151,0.0759355682582139,0.07625258287660333,0.07701341796073795,0.07767562627470698,0.0782392078185104,0.07945090813768776,0.07969747506310176,0.0802469670683101,0.08093030969017175,0.08143753307959484,0.08208565185496877,0.08259287524439185,0.08261400955228448,0.0831282777110051,0.08361436679253556,0.08441747049245545,0.08513603696080481,0.08560099173444263,0.0861716180475436,0.08672815482204949,0.08730582590444799,0.08790463129473913,0.0886231977630885,0.08890498853499021,0.08942630146300837,0.09004624116119214,0.09065913609007836,0.09138474732772528,0.09159609040665156,0.09194832887152869,0.09244850749165424,0.09308253672843309,0.09389268519765051,0.09497053490017457,0.0960624741412937,0.09638653352898066,0.0971332790745202,0.09754892046307523,0.09790820369724991,0.09850700908754105,0.09906354586204694,0.0997821123303963,0.10009912694878573,0.10031047002771201,0.10018366418035624,0.10021184325754641,0.1003738729513899,0.10102199172676384,0.10212802050647805,0.10249434850995028,0.10318473590110948,0.10386103375367359,0.10428371991152616,0.10439643622028684,0.10454437637553524,0.10518545038161163,0.10519249515090917,0.10500228637987552,0.10518545038161163,0.10603082269731677,0.10606604654380448,0.106150583775375,0.1073200154787671,0.10825696979534029,0.10897553626368967,0.10970114750133657,0.11052538550914907,0.11156801136518542,0.11200478706163307,0.11183571259849204,0.11251201045105615,0.11242747321948564,0.11283606983874311,0.11293469660890872,0.11348418861411705,0.11366030784655562,0.11425206846754922,0.11493541108941087,0.1152524257078003,0.11594985786825704,0.11637958879540715,0.11728836403479018,0.11761946819177468,0.11741516988214594,0.11840143758380194,0.11858460158553805,0.11852119866186016,0.1188241237416545,0.11943701867054073,0.11976812282752523,0.1198597048283933,0.12035988344851883,0.12019785375467534,0.12098686791600015,0.12014149560029501,0.12026125667835323,0.12096573360810751,0.12070507714409844,0.12086006206864437,0.12089528591513209,0.12126865868790186,0.12089528591513209,0.12133910638087729,0.12187450884749054,0.12273397070179076,0.12311438824385806,0.12262125439303008,0.12242400085269887,0.12228310546674802,0.1224099113141038,0.12233946362112837,0.12256489623864973,0.12257898577724481,0.12207176238782173,0.12212812054220208,0.12237468746761608,0.12271988116319567,0.12283259747195636,0.12257898577724481,0.12195904607906105,0.12181110592381265,0.12178292684662248,0.12157862853699374,0.12217038915798734,0.1215222703826134,0.12111367376335591,0.12093755453091734,0.12099391268529769,0.12159976284488637,0.12209289669571437,0.12236059792902099,0.12233946362112837,0.12167725530715934,0.12087415160723945,0.12096573360810751,0.12100095745459523,0.12140955407385272,0.12169134484575442,0.12084597253004929,0.12113480807124855,0.12047259975727952,0.12004991359942695,0.12060645037393283,0.12104322607038048,0.12048668929587461,0.12007809267661712,0.11954269021000387,0.11901433251268816,0.11895797435830782,0.11836621373731422,0.11885230281884468,0.11875367604867908,0.11859164635483559,0.11854937773905033,0.11930316805388741,0.12007104790731958,0.1203528386792213,0.12046555498798198,0.12061349514323037,0.12024012237046061,0.12008513744591466,0.12067689806690826,0.12063462945112301,0.1202894357555434,0.11988788390558347,0.11950746636351615,0.1193172575924825,0.11907773543636604,0.11945815297843336,0.11991606298277363,0.11953564544070633,0.11922567559161444,0.11878185512586925,0.1191200040521513,0.11945815297843336,0.11904955635917587,0.11840848235309948,0.11892275051182011,0.11850006435396754,0.11857051204694297,0.11852119866186016,0.11832394512152897,0.11859164635483559,0.1182957660443388,0.1179012589636764,0.11807737819611497,0.11835212419871913,