# R script for Peak Model
#  -- generated by MACS
p <- c(0.0272173620497604,0.03174071049262296,0.036287834748588606,0.04090034249058775,0.045346419540865275,0.04527509210155601,0.04569116883086005,0.046119133466715645,0.046398499270676935,0.04635689159774653,0.046261788345334176,0.046398499270676935,0.046451994850158884,0.04655304205584701,0.0466600332148109,0.04696317483187528,0.04688590343929024,0.04693345506549642,0.04693345506549642,0.04701667041135723,0.04724848458911234,0.047147437383424216,0.04734953179480047,0.047830992010138004,0.0479379831691019,0.047973646888756535,0.04818762920668433,0.04806280618789312,0.048140077580478155,0.048169797346857016,0.04797959084203231,0.048080638047720434,0.047997422701859624,0.04761106573893444,0.04767644922496793,0.047747776664277194,0.04781910410358646,0.04796175898220499,0.047997422701859624,0.047890431542895726,0.04813413362720238,0.04818762920668433,0.0482589566459936,0.048169797346857016,0.04805091828134157,0.04803903037479003,0.0478963754961715,0.047860711776516865,0.04778344038393183,0.04797959084203231,0.047920151309274586,0.0481519654870297,0.048419443384439445,0.048698809188400735,0.0489187354596043,0.04908516615132592,0.048859295926846576,0.049132717777532094,0.049471523114251105,0.049138661730807866,0.049388307768390295,0.04963200985269695,0.04946557916097533,0.0492159331233929,0.049251596843047536,0.04898411894563779,0.049192157310289815,0.04912677382425632,0.04899006289891356,0.049275372656150625,0.048996006852189335,0.048912791506328525,0.048996006852189335,0.04929320451597794,0.04931103637580526,0.04931103637580526,0.050107526114758716,0.05025018099337725,0.05048199517113236,0.05062465004975089,0.05105855863888225,0.05089212794716063,0.05110611026508843,0.051242821190431186,0.05188476814421457,0.05222951743420935,0.05176588907869913,0.05180749675162954,0.05169456163938987,0.05178372093852645,0.05170644954594141,0.051872880237663024,0.05159351443370174,0.0514746353681863,0.05120715747077655,0.05149841118128939,0.05205119883593619,0.05206308674248773,0.052294900920242846,0.05230678882679439,0.05266936997661649,0.052883352294544286,0.05311516647229939,0.053014119266611266,0.05329942902384833,0.05302006321988704,0.05265153811678917,0.052877408341268514,0.053293485070572556,0.05363823436056734,0.05335292460333028,0.05328159716402101,0.053977039697286344,0.054345564800384216,0.05430990108072958,0.054482275725726975,0.05448821967900275,0.05455360316503624,0.05444066805279657,0.054220741781593,0.054428780146245026,0.05455954711831201,0.053905712257977086,0.054220741781593,0.054345564800384216,0.05491024036158257,0.05512422267951036,0.05507072710002841,0.05527282151140466,0.055534355455538635,0.05576616963329375,0.05613469473639161,0.05668153843776265,0.0567350340172446,0.05674097797052037,0.05634273310104364,0.05643783635345599,0.056645874718108016,0.05655077146569566,0.056532939605868346,0.056473500073110625,0.05667559448448688,0.057061951447412065,0.057335373298097576,0.05743047655050993,0.05748397212999188,0.057697954447919676,0.05773361816757431,0.05790004885929593,0.058268573962393794,0.05848850023359736,0.05887485719652255,0.05895212858910759,0.05888080114979832,0.05914827904720807,0.05947519647737553,0.05961785135599406,0.05983777762719763,0.06030140598270785,0.06059265969322068,0.06047378062770524,0.06012308738443469,0.060164695057365096,0.06030734993598362,0.06049755644080833,0.0609730727028701,0.06157935593699885,0.06200732057285444,0.061817114068029734,0.061763618488547785,0.062292630330091504,0.06277409054542904,0.0629524091437022,0.06329715843369699,0.06387966585472266,0.0641649756119597,0.06465832373384879,0.06479503465919155,0.06578173090296972,0.06622158344537685,0.06671493156726593,0.06656038878209586,0.06710128853019112,0.0677670112970776,0.06796910570845385,0.06798693756828117,0.06767190804466525,0.0679156101289719,0.0681058166337966,0.06862294056878877,0.0689795777653351,0.06952642146670614,0.0698533388968736,0.06985928285014938,0.06993061028945864,0.07037046283186577,0.07082220328082445,0.07158302930012328,0.07171379627219027,0.07214770486132163,0.07315817691820288,0.07399033037681098,0.07439451919956347,0.07501269034024377,0.07570813287350911,0.0759874986774704,0.07654623028539297,0.07710496189331555,0.07749131885624073,0.07797872302485405,0.07797277907157828,0.07840668766070964,0.07876926881053173,0.07947065529707284,0.08041574386792061,0.08141432801825031,0.0820562749720337,0.0825258472808197,0.08328667330011852,0.083952396067005,0.0845051837216518,0.08492126045095584,0.08555726345146346,0.08590795669473401,0.08609221924628295,0.08657962341489626,0.08707891549006111,0.0878694612757388,0.08861245543521032,0.08882049379986234,0.08924845843571792,0.09011033166070488,0.09084143791362485,0.09131695417568661,0.09179841439102415,0.09240469762515291,0.09284455016756005,0.09285049412083582,0.0930882522518667,0.09412250012185104,0.0946217921970159,0.09466934382322208,0.09506164473942304,0.09592351796440998,0.09638120236664444,0.09702314932042783,0.09803956533058485,0.09872906391057441,0.09918674831280887,0.09957904922900981,0.10024477199589629,0.10068462453830343,0.10089266290295545,0.100904550809507,0.10123741219295024,0.10143356265105072,0.10146922637070535,0.10206362169828255,0.10238459517517425,0.10236081936207116,0.10282444771758138,0.10336534746567665,0.10388841535394458,0.10457196998065837,0.105546778317885,0.10578453644891589,0.1062897724773565,0.1066523536271786,0.10687822385165795,0.1074428994128563,0.10771037731026605,0.10810862217974276,0.10851281100249527,0.10902399098421167,0.10823938915180975,0.10890511191869623,0.10946978747989458,0.10998096746161098,0.11081312092021907,0.11119353392986848,0.11125891741590198,0.11197219180899463,0.11266763434225996,0.11276868154794809,0.11458753125033434,0.11495011240015644,0.11496794425998376,0.1150868233254992,0.11543751656876976,0.1160259679430712,0.11673329838288807,0.11741090905632609,0.11746440463580804,0.11771999462666624,0.11700077628029781,0.1172801420842591,0.11787453741183632,0.11817173507562492,0.11915248736612731,0.11960422781508599,0.12047204499334872,0.12035910988110905,0.120412605460591,0.12069791521782805,0.12129231054540526,0.12166677960177891,0.12181537843367321,0.12199964098522215,0.12154195658298769,0.12142902147074802,0.12098916892834088,0.12155978844281501,0.122160127723668,0.12259403631279935,0.12253459678004164,0.12277829886434828,0.1227307472381421,0.12239788585469888,0.12233250236866539,0.12272480328486633,0.12293878560279413,0.12246921329400814,0.12240382980797465,0.12248704515383546,0.12286745816348486,0.12239788585469888,0.12289123397658795,0.12323598326658274,0.12347968535088939,0.12325381512641005,0.12337863814520127,0.12308144048141266,0.12295067350934567,0.12284962630365755,0.12285557025693332,0.1234143018648559,0.1229447295560699,0.12323003931330696,0.12289123397658795,0.12317059978054924,0.12290906583641527,0.12295067350934567,0.1227307472381421,0.1227307472381421,0.12243949352762928,0.12202341679832523,0.12231467050883807,0.12238005399487156,0.12296850536917299,0.12235627818176847,0.12225523097608035,0.12243949352762928,0.12243949352762928,0.12218390353677108,0.12252865282676587,0.12227306283590766,0.12211852005073759,0.12167272355505468,0.12161328402229696,0.12154195658298769,0.12189264982625825,0.12145874123712688,0.12190453773280979,0.12197586517211906,0.12119126333971714,0.12149440495678152,0.12148846100350574,0.12168461146160622,0.12110210404058055,0.12133391821833567,0.12074546684403423,0.12101888869471975,0.12078113056368886,0.1203709977876606,0.12083462614317081,0.12056714824576106,0.12025211872214515,0.12025806267542093,0.1201154077968024,0.1197290508338772,0.11935458177750356,0.11952101246922518,0.11947940479629478,0.11980037827318647,0.11920598294560926,0.11893850504819951,0.11902172039406032,0.11847487669268929,0.11861753157130782,0.11862941947785936,0.11904549620716341,0.11918815108578194,0.11895633690802683,0.11823117460838264,0.11883151388923562,0.11863536343113514,