# R script for Peak Model
#  -- generated by MACS
p <- c(0.028390417398475268,0.03317568621789229,0.03778130330688751,0.04251213220799489,0.04709597332966626,0.047068753370511446,0.04721574114994746,0.04717763320713071,0.047384504896707334,0.04750427271698853,0.047683924447410334,0.04756415662712913,0.04766214848008648,0.04763492852093166,0.04786357617783213,0.047836356218677316,0.04795612403895851,0.04814666375304224,0.04830453951614019,0.048364423426280785,0.04798334399811333,0.04817932770402802,0.048549519148533546,0.048848938699236545,0.04891426660120811,0.04897959450317967,0.04897415051134871,0.04888160265022233,0.04866928696881474,0.04870195091980053,0.049061254380644126,0.04931167800486845,0.04920824216008014,0.04943688981698061,0.04931167800486845,0.049632873522895304,0.04932800998036135,0.04950766171078314,0.049420557841487724,0.04959476558007856,0.049447777800642544,0.049387893890501945,0.049404225865994834,0.0491102503071228,0.04926268207838978,0.048963262527686784,0.04900681446233449,0.049219130143742074,0.049404225865994834,0.04943688981698061,0.049883297147119636,0.04993773706542927,0.049926849081767345,0.05015005274683685,0.0502317126243013,0.0505311321750043,0.050727115880918994,0.050656343987116464,0.05085777168486212,0.05091765559500272,0.050895879627678865,0.05097753950514332,0.05115719123556512,0.05138583889246559,0.05132595498232499,0.05140217086795848,0.0514892747372539,0.051494718729084864,0.051734254369647265,0.051875798157252316,0.051592710582042206,0.051434834818944265,0.05148383074542294,0.05106464337443874,0.05114085926007223,0.05100475946429814,0.05129873502317017,0.051647150500351846,0.051451166794437155,0.05132595498232499,0.05171247840232341,0.052104445814152786,0.05229498552823652,0.05260529306260144,0.0528067207603471,0.052899268621473476,0.05291015660513541,0.05310069631921913,0.053171468213021655,0.05354710364935815,0.053868299167385,0.054064282873299695,0.05421127065273571,0.05451613419526967,0.05432559448118594,0.05455968612991738,0.05460323806456509,0.0539880669876662,0.05399895497132813,0.05390640711020175,0.05357976760034393,0.053411003853584056,0.05310614031105009,0.052872048662318656,0.05343277982090791,0.05365053949414646,0.053781195298089585,0.054249378595552455,0.054690341933860506,0.05457057411357931,0.05494076555808483,0.0551258612803376,0.055359952929069034,0.055528716675828906,0.055305513010759394,0.0551857451904782,0.055289181035266505,0.05543072482287156,0.05533817696174518,0.055599488569631435,0.055768252316391306,0.05583358021836287,0.056111223801742015,0.05638886738512116,0.056737282862302826,0.05664473500117645,0.056895158625400774,0.0570856983394845,0.0574450018003281,0.057787973285678806,0.05785330118765037,0.05790774110596,0.05793496106511482,0.058103724811874695,0.05821260464849397,0.058811443749899966,0.059225187129053204,0.05926873906370091,0.05920341116172935,0.058844107700885745,0.05893121157018116,0.05902375943130755,0.05924696309637706,0.059295959022855727,0.059649818491868366,0.05955727063074198,0.059453834785953674,0.05925240708820802,0.059154415235250675,0.059981901993557143,0.06005267388735967,0.06025954557693629,0.06028132154426014,0.06037931339721749,0.06031942948707689,0.06083116471918747,0.060749504841723014,0.060874716653835176,0.061217688139185884,0.06105436838425698,0.061272128057495524,0.06194718304453501,0.062241158603407044,0.062339150456364394,0.0627420058518557,0.06272022988453184,0.06332995696959977,0.06380902825072457,0.06424454759720166,0.06457118710705947,0.0647617268211432,0.06517547020029643,0.0656436534977593,0.06587230115465978,0.06609550481972928,0.06631326449296783,0.06639492437043229,0.06687399565155709,0.06706453536564082,0.06757082660592043,0.06783213821380668,0.06753816265493465,0.0675762705977514,0.06824043760112895,0.06877939279239435,0.06918224818788565,0.0697157593873201,0.06982463922393936,0.07049425021914789,0.0707936697698509,0.07124552109182088,0.0717790322912553,0.07229621151519684,0.07268817892702623,0.07278617077998357,0.0731563622244891,0.07313458625716525,0.07407639684392195,0.07432137647631532,0.07440848034561073,0.07520874714476239,0.07554627463828213,0.07584569418898512,0.0761941096661668,0.07643364530672919,0.07710325630193772,0.07789263511742744,0.07813761474982081,0.07866568195742428,0.07918286118136583,0.0797708122991099,0.0803369874495301,0.08106648235487923,0.0816272135134685,0.08228593652501509,0.0825690241002252,0.08307531534050482,0.083646934482756,0.08395724201712092,0.0845887450695127,0.08486094466106088,0.08517669618725678,0.08550333569711459,0.08609673080668961,0.08657035809598346,0.08705487336893922,0.08752850065823305,0.08787691613541472,0.08860096704893289,0.0892270261094937,0.08933590594611297,0.0900654008514621,0.09055536011624882,0.09087655563427567,0.09159516255596288,0.09195991000863744,0.09269484890581753,0.09314125623595654,0.09384897517398182,0.09449136621003552,0.09508476131961055,0.0956019405435521,0.09641853931819665,0.09742023381509395,0.09767610143114924,0.0986560199607227,0.09864513197706076,0.09893366354410184,0.09912420325818556,0.09915686720917134,0.0997611503024083,0.10010412178775902,0.10054508512606707,0.1004634252486026,0.10117658817845884,0.1011820321702898,0.10188430711648411,0.10293499753986009,0.10324530507422502,0.10386592014295487,0.10420889162830557,0.10442665130154412,0.10447020323619183,0.10495471850914759,0.10498193846830241,0.10545556575759625,0.1055372256350607,0.10563521748801805,0.10595096901421394,0.10612517675280478,0.10641370831984584,0.10704521137223762,0.10750250668603857,0.10764405047364362,0.10850964517476684,0.10903226839053934,0.10982164720602906,0.11020817062602749,0.11077434577644771,0.11149839668996586,0.11211901175869572,0.11289205859869254,0.11349634169192951,0.11425850054826442,0.11435649240122177,0.11488455960882524,0.11514587121671149,0.11518397915952823,0.11552695064487895,0.11560316653051243,0.1160713498279753,0.11586992213022965,0.1158481461629058,0.11564671846516014,0.11602235390149664,0.11655586510093106,0.11657764106825493,0.117013160414732,0.11756844758149029,0.11787875511585523,0.11835782639698002,0.11863546998035916,0.11882056570261193,0.11969160439556611,0.11974604431387574,0.11932141295106058,0.11993114003612851,0.1201107917665503,0.11962627649359454,0.12002368789725489,0.11972971233838285,0.11995835999528333,0.12059530703950606,0.1200672398319026,0.11995835999528333,0.12030133148063403,0.1198875881014808,0.12019789563584572,0.1202305595868315,0.1204864272028868,0.12079673473725172,0.12087295062288521,0.12076407078626594,0.12099816243499738,0.1216841054056988,0.1219671929809089,0.12275657179639862,0.12252792413949816,0.12271301986175091,0.12252248014766719,0.12273479582907477,0.12309954328174934,0.12320297912653765,0.12361672250569088,0.12382903818709846,0.1235241746445645,0.1227293518372438,0.12350784266907161,0.1238671461299152,0.12381270621160556,0.12337718686512848,0.12300699542062295,0.12290355957583464,0.12235916039273828,0.12176032129133228,0.1212485860592217,0.12211418076034491,0.12170588137302264,0.12121047811640495,0.12103082638598316,0.12093283453302581,0.12115059420626435,0.12139557383865772,0.12158611355274145,0.12205974084203529,0.12294166751865139,0.12239726833555503,0.12221761660513322,0.12239182434372406,0.1221903966459784,0.12251159216400526,0.12237004837640021,0.12202163289921854,0.12215228870316167,0.12175487729950132,0.12115059420626435,0.12074773881077305,0.12019245164401476,0.12019789563584572,0.12021422761133861,0.12027411152147921,0.11994202801979044,0.1199474720116214,0.1196317204854255,0.11993658402795947,0.12006179584007164,0.12023600357866247,0.12055175510485835,0.1205898630476751,0.12069329889246341,0.11971338036288996,0.1194520687550037,0.11908732130232914,0.11869535389049976,0.118210838617544,0.11802574289529125,0.11796585898515063,0.11816728668289629,0.11784609116486944,0.11792230705050294,0.11862458199669725,0.11883689767810482,0.1187497938088094,0.11902199340035759,0.11889678158824542,0.11880423372711904,0.11873890582514747,