# R script for Peak Model
#  -- generated by MACS
p <- c(0.027882795770322537,0.03209763699141781,0.036695056107966334,0.041046069122358524,0.04588989434106339,0.04546841021895387,0.045118254179047496,0.04520903537457877,0.04546192584784449,0.045520285187828885,0.04587692559884464,0.04638270654537607,0.04640215965870421,0.046797706296376224,0.04658372204976677,0.04671340947195432,0.04668098761640743,0.0470052061718763,0.04696629994522003,0.04719973730515762,0.046726378214173074,0.04659669079198552,0.04677825318304809,0.046797706296376224,0.04701169054298567,0.04695981557411066,0.04728403412957952,0.04688200312079813,0.046953331203001276,0.046642081389751164,0.04711544048073571,0.047180284191829486,0.04705059676964194,0.04708301862518882,0.04688200312079813,0.04690145623412626,0.04690145623412626,0.047102471738516956,0.0472905185006889,0.04738129969622018,0.04718676856293886,0.04722567478959513,0.04731645598512641,0.04730997161401703,0.047666612025032785,0.04819833045600173,0.04828262728042363,0.04827614290931426,0.048366924104845534,0.048425283444829936,0.047958408724954764,0.04813348674490795,0.047932471240517256,0.04799731495161103,0.04790653375607975,0.04784169004498597,0.04802325243604854,0.04804270554937667,0.04779629944722033,0.04775739322056407,0.04821778356932986,0.04819833045600173,0.04881434571139257,0.04884676756693946,0.04880137696917382,0.0489505175046895,0.04914504863797082,0.04969622018226789,0.04991020442887734,0.05018254801547119,0.05030575106654936,0.050668875848674494,0.05087637572417456,0.05101254751747149,0.05140160978403413,0.051194109908534055,0.051343250444049734,0.05099309440414336,0.05121356302186219,0.05101254751747149,0.051453484752909145,0.051044969373018376,0.05110981308411215,0.05129785984628409,0.05140160978403413,0.05147293786623728,0.051466453495127906,0.051609109659534205,0.05174528145283113,0.05193332821500307,0.05208246875051875,0.05260121843926894,0.05237426545044073,0.05240668730598762,0.052432624790425125,0.05264660903703458,0.052283484254909446,0.05259473406815956,0.05260121843926894,0.052847624541425275,0.05311996812801913,0.05310051501469099,0.053217233694659784,0.053184811839112896,0.05351551476569114,0.05345715542570675,0.05391754577447253,0.05366465530120682,0.05361926470344118,0.05368410841453495,0.05349606165236301,0.05343121794126923,0.05358035847678491,0.05402778008333195,0.053826764578941255,0.05428067055659767,0.05433902989658206,0.05461785785428529,0.05500043574973855,0.05533762304742617,0.0554997323251606,0.05583043525173885,0.05579801339619196,0.0560444194983483,0.055810982138410715,0.05559699789180127,0.0559860601583639,0.056452934878239075,0.056258403744957754,0.056569653558207866,0.056640981640411016,0.0568160596603642,0.0575617623379426,0.05750988736906758,0.05793785586228648,0.058242621304427214,0.05791840274895835,0.057957308975614616,0.058320433757739744,0.058294496273302236,0.05891051152869308,0.05894941775534935,0.05886512093092744,0.0591050426619744,0.05935144876413074,0.05988316719509968,0.06052511993492804,0.06063535424378745,0.06111519770588138,0.06098551028369383,0.060953088428146944,0.06176363481681911,0.061971134692319185,0.06232129073222556,0.06289839976096015,0.06317722771866337,0.06340418070749157,0.0637673054896167,0.06409800841619495,0.0647399611560233,0.06500582037150777,0.06501878911372654,0.0653430076691954,0.06535597641141415,0.06561535125578925,0.06609519471788317,0.06658800692219585,0.06678253805547717,0.0670613660131804,0.06752175636194618,0.06754120947527431,0.06776816246410253,0.06769035001078999,0.06838417771949337,0.06870839627496224,0.06894183363489982,0.06907152105708736,0.06992745804352517,0.07004417672349397,0.0702322234856659,0.07110112921432248,0.07171066009860394,0.07244987840507296,0.07236558158065105,0.07266386265168241,0.07252769085838548,0.07308534677379193,0.07329933102040138,0.07350034652479208,0.07361706520476087,0.07372081514251091,0.0738699556780266,0.07407097118241729,0.07467401769558939,0.07503714247771451,0.07573745455752727,0.07599034503079298,0.07667768836838698,0.07729370362377783,0.07799401570359057,0.07848034353679388,0.07892128077223154,0.07951135854318488,0.0797318271609037,0.07982260835643498,0.08012737379857572,0.08084065462060723,0.0807044828273103,0.08121674814495111,0.08143721676266995,0.08181979465812321,0.08294807523115486,0.08346034054879567,0.08440705873076476,0.08504901147059311,0.08547049559270264,0.08565854235487459,0.08646260437243737,0.08692947909231255,0.08766221302767219,0.08849221252967249,0.08841440007635995,0.0889720559917664,0.08954916502050099,0.0903467426669544,0.09100814852011088,0.09173439808436115,0.09208455412426753,0.09271353812187713,0.09340088145947112,0.09342033457279926,0.0944059589814246,0.09504791172125297,0.09563150512109693,0.09597517678989392,0.09634478594312844,0.09615025480984711,0.09636423905645657,0.09720720730067561,0.09709048862070682,0.09787509752494149,0.09805017554489467,0.09825119104928537,0.09851705026476984,0.09886720630467621,0.09943134659119204,0.10059853339087997,0.10106540811075514,0.10125993924403645,0.10190837635497418,0.10210939185936488,0.10244009478594313,0.10297181321691207,0.10293290699025581,0.10341275045234972,0.10417142187214688,0.10452806228316262,0.10483282772530336,0.10518298376520974,0.10574712405172557,0.10622048314271011,0.10657063918261649,0.10713477946913232,0.10799071645557012,0.10851595051542968,0.10813337261997642,0.1082825131554921,0.10889204403977358,0.10887259092644544,0.10928110630633622,0.10994899653060208,0.11022134011719593,0.11030563694161784,0.11058446489932106,0.1105196211882273,0.11086977722813367,0.11096704279477432,0.1116025111634933,0.11217313582111851,0.11218610456333726,0.11255571371657178,0.11313282274530635,0.11379422859846285,0.11428055643166614,0.11527266521140088,0.11610266471340117,0.11656953943327635,0.11662141440215136,0.11674461745322953,0.11774969497518302,0.11794422610846433,0.11834625711724572,0.11876125686824587,0.11876774123935525,0.11913086602148039,0.11957180325691805,0.12065469323218406,0.12127719285868428,0.1219321143407314,0.12174406757855945,0.12200344242293455,0.1219321143407314,0.12205531739180957,0.12311226988263807,0.12283344192493484,0.12287883252270049,0.12308633239820056,0.12321601982038811,0.12310578551152869,0.12329383227370064,0.12313820736707558,0.12342351969588818,0.1231576604804037,0.12268430138941917,0.12261297330721602,0.12259352019388789,0.1220164111651533,0.12183484877409073,0.12176352069188759,0.12215258295845023,0.12217203607177836,0.12215258295845023,0.12214609858734085,0.12228875475174715,0.12295664497601301,0.12342351969588818,0.12414328488902907,0.12453883152670109,0.12498625313324813,0.12509648744210752,0.1252456279776232,0.1256800808419515,0.12632851795288924,0.1260756274796235,0.12577734640859214,0.12614047119071728,0.12580328389302967,0.12542719036868577,0.1258227370063578,0.12548554970867018,0.12520672175096695,0.12514187803987317,0.12477226888663867,0.12482414385551369,0.12503164373101378,0.12420164422901346,0.12376719136468518,0.1238190663335602,0.12302797305821617,0.12273617635829419,0.12288531689380987,0.12280750444049733,0.12267133264720041,0.12265836390498165,0.12186727062963762,0.12171164572301256,0.1216468020119188,0.12193859871184078,0.12208125487624708,0.12272969198718481,0.12298258246045052,0.12277508258495044,0.1226194576783254,0.12243141091615345,0.1233910978403413,0.12357914460251324,0.12343000406699756,0.12296312934712239,0.122561098338341,0.12199047368071579,0.12208125487624708,0.12180242691854384,0.12211367673179396,0.1220423486495908,0.12125125537424677,0.12109563046762171,0.12117344292093425,0.12174406757855945,0.12182836440298137,0.1221590673295596,0.12134203656977806,0.12103078675652795,0.12088164622101227,0.12057688077887153,0.12057039640776215,0.12101781801430919,0.12123180226091865,0.12004516234790259,0.11966258445244933,0.11874180375491775,0.11914383476369914,0.119468053319168,0.11922164721701167,0.11948102206138676,0.11940320960807424,0.1193253971547617,0.11944860020583987,