# R script for Peak Model
#  -- generated by MACS
p <- c(0.02859128000214663,0.03280461159990706,0.037577437095473065,0.04224749840572785,0.046917559715982625,0.04658643067442422,0.046723449588172525,0.046095446233492786,0.045958427319744484,0.046015518533806275,0.046129700961929865,0.046358065818177044,0.046415157032238835,0.04639232054661412,0.046346647575364684,0.046552175945987144,0.046746286073797244,0.04747705361378821,0.04826491236784097,0.04890433396533307,0.04873306032314769,0.04928113597814092,0.04891575220814543,0.04918979003564204,0.04947524610595102,0.0492012082784544,0.04885866099408364,0.04867596910908589,0.04777392792690954,0.04792236508347021,0.04777392792690954,0.04788811035503313,0.04835625831033985,0.04849327722408815,0.04865313262346118,0.0486188778950241,0.048870079236896,0.04852753195252523,0.048870079236896,0.04871022383752297,0.04891575220814543,0.04863029613783646,0.04899567990783194,0.04932680894939035,0.04913269882158025,0.0496465197481364,0.0498977210900083,0.05082259875780937,0.05079976227218465,0.05094819942874531,0.05123365549905429,0.05157620278342505,0.05130216495592844,0.05090252645749588,0.05130216495592844,0.05127932847030372,0.05107380009968126,0.05076550754374757,0.05090252645749588,0.05097103591437003,0.05091394470030824,0.05118798252780485,0.05129074671311608,0.05197584128185761,0.051941586553420536,0.05196442303904525,0.051953004796232896,0.05240973450872725,0.05290071894965868,0.052957810163720476,0.053163338534342935,0.05260384463653735,0.052683772336223865,0.05197584128185761,0.0520900237099812,0.05193016831060818,0.052535335179663196,0.05270660882184858,0.05243257099435197,0.052558171665287916,0.05240973450872725,0.05291213719247104,0.05291213719247104,0.053699995946523804,0.053665741218086725,0.054248071601517026,0.054476436457764205,0.054590618885887794,0.054864656713384405,0.054796147256510254,0.05502451211275743,0.055104439812443944,0.055572587767750654,0.05523004048337989,0.05541273236837763,0.05554975128212594,0.05542415061118999,0.05570960668149896,0.05565251546743717,0.05623484585086747,0.05702270460492023,0.05705695933335731,0.05684001271992249,0.05663448434930003,0.05682859447711013,0.05699986811929552,0.05744517958897751,0.05715972351866854,0.05779914511616064,0.05786765457303479,0.05766212620241233,0.05790190930147187,0.05835863901396622,0.05889529642614709,0.0592264254677055,0.05930635316739201,0.05911224303958191,0.05946620856676504,0.05898664236864596,0.05887245994052237,0.05895238764020889,0.05934060789582909,0.05939769910989088,0.05985442882238524,0.05953471802363919,0.05971740990863693,0.05991152003644703,0.05970599166582457,0.06008279367863242,0.06013988489269421,0.05994577476488411,0.05962606396613806,0.06003712070738298,0.05982017409394816,0.0602540673208178,0.06013988489269421,0.0600028659789459,0.060813561218623385,0.06116752674580651,0.061201781474243586,0.061487237544552556,0.061875457800172756,0.061681347672362656,0.062469206426415416,0.06252629764047721,0.06272040776828731,0.06298302735297157,0.06319997396640639,0.0632799016660929,0.0638051408354614,0.0640563421773333,0.06437605297607935,0.06493554687388493,0.06467292728920068,0.06541511307200401,0.06632857249699273,0.06654551911042754,0.06671679275261293,0.06719635895073199,0.06741330556416682,0.06834960147478024,0.06854371160259035,0.06862363930227686,0.06898902307227234,0.06975404534070039,0.07024502978163182,0.07081594192224976,0.0709415425931857,0.07121558042068232,0.07214045808848339,0.07251726010129123,0.07300824454222267,0.07365908438252712,0.07411581409502148,0.0734421377690923,0.0731338452131586,0.07372759383940128,0.07415006882345855,0.0744126884081428,0.07440127016533045,0.07386461275314958,0.07456112556470347,0.07456112556470347,0.07512061946250906,0.0758285505168753,0.07548600323250454,0.07573720457437644,0.07644513562874268,0.07721015789717073,0.07765546936685273,0.0783291456927819,0.0791055862040223,0.07965366185901553,0.0801332280571346,0.08085257735431321,0.08201723812117381,0.08249680431929289,0.08279367863241423,0.08313622591678499,0.08341026374428161,0.08411819479864785,0.08455208802551749,0.08530569205113317,0.08556831163581743,0.08530569205113317,0.08557972987862979,0.08620773323330953,0.0868014818595522,0.08694991901611285,0.08797756086922515,0.08789763316953864,0.08851421828140602,0.08876541962327791,0.08948476892045652,0.09066084793012949,0.09146012492699461,0.09165423505480472,0.0920196188248002,0.09281889582166532,0.09278464109322825,0.09393788361727648,0.09416624847352366,0.09474857885695397,0.09521672681226068,0.09599316732350109,0.09643847879318308,0.09696371796255158,0.09784292265910323,0.09790001387316502,0.09833390710003466,0.09924736652502336,0.09931587598189752,0.10004664352188848,0.10021791716407387,0.09984111515126602,0.10003522527907613,0.10072031984781767,0.10050337323438284,0.10108570361781315,0.10142825090218391,0.10135974144530975,0.10183930764342883,0.10141683265937156,0.10203341777123894,0.10335793393747256,0.10372331770746804,0.1038717548640287,0.10435132106214778,0.10453401294714552,0.10480805077464214,0.104899396717141,0.10593845681306567,0.10650936895368361,0.1070688628514892,0.10653220543930833,0.10711453582273864,0.10742282837867233,0.10735431892179817,0.10761693850648242,0.10870167157365651,0.10914698304333852,0.10916981952896324,0.11020887962488789,0.11002618773989015,0.11038015326707327,0.111008156621753,0.11171608767611926,0.11230983630236192,0.11290358492860458,0.11289216668579222,0.11339456936953601,0.11352017004047196,0.11362293422578319,0.1149817051204539,0.11608927467325271,0.1163975672291864,0.11675153275636953,0.11731102665417512,0.11798470298010429,0.11893241713353007,0.11940056508883679,0.11938914684602442,0.11988013128695586,0.1194804927885233,0.12023409681413898,0.12031402451382549,0.1209762825969423,0.1214786852806861,0.12190116026474337,0.1218669055363063,0.1220039244500546,0.12265476429035907,0.12274611023285793,0.1235339689869107,0.12256341834786019,0.12315716697410285,0.12280320144691972,0.12348829601566126,0.12363673317222193,0.12359106020097249,0.12472146623939602,0.12452735611158591,0.12455019259721063,0.12364815141503428,0.1243104094981511,0.12435608246940054,0.12410488112752864,0.12313433048847813,0.12325993115941408,0.12339695007316238,0.12249490889098603,0.12298589333191746,0.12355680547253542,0.12387651627128146,0.1240592081562792,0.12379658857159495,0.12429899125533875,0.12416197234159043,0.12386509802846911,0.12441317368346233,0.12421906355565222,0.12426473652690166,0.12355680547253542,0.12343120480159947,0.12349971425847361,0.12394502572815562,0.12360247844378484,0.12348829601566126,0.12329418588785115,0.12228938052036357,0.12297447508910511,0.12263192780473435,0.12327134940222645,0.12370524262909607,0.12300872981754218,0.12242639943411189,0.12267760077598377,0.12246065416254896,0.12287171090379388,0.12282603793254444,0.12238072646286245,0.12204959742130404,0.1212274839388142,0.12051955288444795,0.11996005898664237,0.11968602115914576,0.11924070968946376,0.11935489211758735,0.11855561512072223,0.11840717796416156,0.11813314013666495,0.11827015905041326,0.11827015905041326,0.1179504482516672,0.11863554282040874,0.1185898698491593,0.11768782866698295,0.11759648272448409,0.11773350163823239,0.1174252090822987,0.1168999699129302,0.11605501994481564,0.11588374630263025,0.11594083751669204,0.11531283416201231,0.11519865173388871,0.11586090981700553,0.11594083751669204,0.1160093469735662,0.11604360170200327,0.11591800103106732,0.11588374630263025,0.115621126717946,0.11578098211731902,0.11630622128668752,0.11618062061575159,0.11580381860294374,0.11516439700545164,0.11450213892233482,0.1151187240342022,0.11533567064763703,0.11622629358700101,0.11654600438574707,0.11642040371481112,0.11576956387450667,0.11607785643044036,0.11687713342730548,0.11772208339542004,0.11822448607916382,0.1168999699129302,0.11652316790012235,0.11574672738888195,0.11509588754857748,0.11468483080733256,0.11540418010451117,0.11489035917795502,0.11406824569546518,0.1137028619254697,