# R script for Peak Model
#  -- generated by MACS
p <- c(0.025954109947241462,0.03041873556985759,0.034559166385852214,0.03898674117342588,0.04326611262082972,0.04303454490181436,0.04249730779369873,0.0422842654922046,0.042877078852883915,0.042682561968911015,0.042802977182799004,0.042830765309080844,0.04324758720330849,0.043210536368266036,0.043506943048605695,0.043775561602663514,0.04369219722381798,0.04381261243770597,0.04366440909753614,0.04373851076762105,0.043849663272748425,0.04397934119539702,0.04418312078813054,0.044118281826806244,0.04388671410779088,0.04381261243770597,0.044331324128300376,0.04447026475970959,0.04461846809987942,0.044701832478724945,0.044674044352443106,0.04475740873128863,0.04466478164368249,0.04459067997359757,0.04497971374154338,0.045090866246670754,0.04529464583940427,0.044896349362697846,0.04485929852765539,0.044840773110134166,0.04483151040137355,0.044525841012273276,0.04418312078813054,0.04412754453556686,0.04418312078813054,0.04403491744796071,0.04400712932167887,0.044044180156721326,0.0442850105844973,0.04457215455607635,0.04503528999410707,0.045359484800728565,0.04542432376205287,0.04547063730585594,0.04574851856867437,0.046007874413971576,0.04614681504538079,0.046619213192172125,0.046647001318453965,0.046989721542596695,0.04701750966887854,0.047054560503921,0.04729539093169697,0.047702950117164,0.04702677237763916,0.04687856903746932,0.046989721542596695,0.04686930632870871,0.046943407998793624,0.04651732339580537,0.04635985734687492,0.046619213192172125,0.046693314862257036,0.046943407998793624,0.04741580614558496,0.04767516199088216,0.04748990781566987,0.04780483991353076,0.04822166180775841,0.048453229526773764,0.048351339730407006,0.048277238060322095,0.04862922099322544,0.04869405995454974,0.048443966818013155,0.048805212459677116,0.04911088184877739,0.048860788712240796,0.04884226329471957,0.048907102256043875,0.04906456830497431,0.04916645810134107,0.049323924150271516,0.049296136023989676,0.04966664437441425,0.0495740172868081,0.049611068121850566,0.05013904252120558,0.050074203559881285,0.05024093231757234,0.05000010188979637,0.05016683064748743,0.050129779812444965,0.05043544920154524,0.05068554233808183,0.05089858463957596,0.05070406775560306,0.05081522026073043,0.05083374567825166,0.05109310152354886,0.051565499670340194,0.05157476237910081,0.05181559280687678,0.0518896944769617,0.05181559280687678,0.051778541971834326,0.05184338093315863,0.05184338093315863,0.05265849930409269,0.052732600974177604,0.05314016015964464,0.05327910079105385,0.05302900765451726,0.05323278724725078,0.05344582954874491,0.05400159207438177,0.05443693938613065,0.05450177834745495,0.05419610895835467,0.05462219356134294,0.05496491378548567,0.05515016796069796,0.05509459170813427,0.055576252563686215,0.055872659244025874,0.05578003215641973,0.05634505739081721,0.056187591341886764,0.05643768447842335,0.056382108225859665,0.05594676091411079,0.055770769447659116,0.05634505739081721,0.05660441323611441,0.05667851490619933,0.057178701179272505,0.05709533680042697,0.05760478578226076,0.05760478578226076,0.05811423476409455,0.05874409895981633,0.059197971689086436,0.060022352768781116,0.059809310467286984,0.059855624011090056,0.05993898838993558,0.05996677651621743,0.06055032716813613,0.060976411771124395,0.06105977614996992,0.06147659804419757,0.061948996190988904,0.06185636910338276,0.06198604702603136,0.061976784317270744,0.061828580977100915,0.062115724948679965,0.062291716415131634,0.06206014869611628,0.062291716415131634,0.06238434350273778,0.06312536020358693,0.06317167374739,0.06414425816725451,0.06486674945058243,0.06536693572365561,0.0660153253368986,0.06603385075441984,0.06672855391146591,0.06736768081594831,0.06764556207876674,0.06759924853496367,0.06836805336209466,0.0682661635657279,0.06853478211978573,0.06971114613238374,0.06992418843387788,0.07062815429968457,0.070785620348615,0.07118391682532144,0.071674840389634,0.07218428937146779,0.0720638741575798,0.07256406043065297,0.07335139067530519,0.0732217127526566,0.07364779735564485,0.074388814056494,0.07543550014644343,0.0754818136902465,0.07656555061523838,0.07693605896566295,0.07829767715347327,0.07910353281564672,0.07988160035153832,0.08037252391585088,0.08100238811157266,0.08129879479191232,0.08138215917075785,0.0827067265235257,0.08273451464980755,0.08322543821412011,0.08318838737907765,0.08382751428356004,0.08443885306176059,0.08492977662607315,0.08544848831666756,0.08613392876495302,0.08692125900960525,0.08774564008929993,0.08873674992668566,0.08962596996770464,0.09010763082325658,0.08971859705531078,0.09036698666855379,0.09119136774824847,0.09212690133307051,0.09256224864481939,0.09387755328882663,0.09358114660848697,0.09378492620122049,0.09388681599758725,0.09447962935826656,0.0960450271388104,0.09685088280098385,0.09772157742448159,0.09822176369755478,0.0989535176896433,0.09932402604006789,0.09968527168173184,0.10006504274091703,0.10074122048044189,0.10196389803684298,0.10209357595949158,0.10193610991056114,0.10175085573534885,0.10188053365799746,0.10248260972743739,0.1027512282814952,0.10387201604152954,0.10465934628618176,0.10554856632720074,0.10598391363894961,0.10656746429086832,0.10718806577782948,0.10789203164363617,0.10831811624662444,0.10855894667440041,0.10922586170516464,0.10950374296798307,0.10930922608401017,0.10968899714319537,0.10917028545260096,0.10920733628764341,0.10955005651178615,0.11038370030024144,0.11105987803976629,0.11125439492373919,0.11125439492373919,0.11121734408869674,0.11285684353932547,0.11244928435385845,0.11375532628910508,0.11478348696153327,0.1153207240696489,0.11567270700255225,0.11571902054635531,0.11633035932455586,0.11657118975233184,0.11785870627005723,0.117840180852536,0.11915548549654326,0.11893318048628851,0.11872013818479438,0.11887760423372482,0.11881276527240052,0.1197019853134195,0.12034111221790189,0.12184167103712142,0.12115623058883596,0.12198987437729125,0.1217675693670365,0.1220825014648974,0.12293467067087391,0.12397209405206272,0.12433333969372669,0.1245463819952208,0.12389799238197781,0.1231847638074105,0.12449080574265713,0.12386094154693535,0.12463900908282696,0.1246019582477845,0.12425923802364176,0.12406472113966886,0.12456490741274204,0.12432407698496607,0.124926153054406,0.12477794971423617,0.12409250926595071,0.12342559423518648,0.12328665360377726,0.12336075527386217,0.12368495008048368,0.12384241612941412,0.12348117048775016,0.1238887296732172,0.12406472113966886,0.12470384804415126,0.12412029739223256,0.12525961056978813,0.12526887327854874,0.12552822912384592,0.12581537309542498,0.1250558309770546,0.12514845806466074,0.1250558309770546,0.12458343283026327,0.12411103468347194,0.12497246659820907,0.12385167883817473,0.12337001798262279,0.12310139942856498,0.12288835712707084,0.12320328922493173,0.12307361130228313,0.12313845026360742,0.12331444173005911,0.12329591631253788,0.12256416232044934,0.12320328922493173,0.12284204358326777,0.12315697568112866,0.12268457753433733,0.12214734042622169,0.1220825014648974,0.12101728995742674,0.12130443392900578,0.12132295934652701,0.12164715415314852,0.12121180684139964,0.12191577270720633,0.1215082135217393,0.1213136966377664,0.12195282354224879,0.12101728995742674,0.12112844246255411,0.12038742576170496,0.12022995971277452,0.12026701054781698,0.12073014598584769,0.1200910190813653,0.1194426294681223,0.11913696007902203,0.11914622278778264,0.11971124802218011,0.12035963763542312,0.12032258680038066,0.12029479867409881,0.12055415451939602,0.12008175637260468,0.12048931555807171,0.12165641686190913,0.12153600164802114,0.1211932814238784,0.12114696788007534,0.1212488576764421,0.12171199311447281,0.12168420498819098,0.12121180684139964,0.12108212891875104,0.12060046806319909,0.1195074684294466,0.11981313781854687,0.12006323095508346,0.11967419718713765,0.11913696007902203,0.11881276527240052,0.11859972297090639,0.11822921462048182,0.11862751109718823,0.11918327362282509,0.11955378197324967,0.11904433299141588,0.11857193484462454,0.11948894301192536,