# R script for Peak Model
#  -- generated by MACS
p <- c(0.024938326861399997,0.02956504276594921,0.033863622790743154,0.03724342235222237,0.04157481596499184,0.04200139260867368,0.04164044314094289,0.04131230726118763,0.0419029518447471,0.04239515566438,0.04203420619664921,0.041804511080820526,0.04196857902069816,0.04239515566438,0.04272329154413526,0.04232952848842894,0.04262485078020868,0.043412376891621314,0.043510817655547894,0.0431498681878171,0.043313936127694734,0.043543631243523416,0.043740512771376576,0.04400302147518079,0.04370769918340105,0.04446241170683816,0.04479054758659342,0.04472492041064237,0.04387176712327868,0.04475773399861789,0.045348378582177364,0.04547963293407947,0.04528275140622631,0.045906209577761314,0.04629997263346763,0.045939023165736836,0.04629997263346763,0.04649685416132079,0.04705468515690473,0.04698905798095368,0.04629997263346763,0.04672654927714947,0.04735000744868447,0.04777658409236631,0.047842211268317364,0.04833441508795026,0.04833441508795026,0.048039092796170524,0.048137533560097104,0.048367228675925786,0.04879380531960763,0.048400042263901315,0.048071906384146046,0.048268787911999206,0.047842211268317364,0.04859692379175447,0.04853129661580342,0.0487609917316321,0.0493844499031671,0.048465669439852366,0.04872817814365658,0.04843285585187684,0.04853129661580342,0.047842211268317364,0.047940652032243944,0.04682499004107605,0.04679217645310052,0.04705468515690473,0.04649685416132079,0.04797346562021947,0.04892505967150974,0.04977821295887342,0.050139162426604204,0.05046729830635947,0.05102512930194342,0.05181265541335605,0.05200953694120921,0.052370486408939994,0.052370486408939994,0.05128763800574763,0.05017197601457973,0.04990946731077552,0.04984384013482447,0.050139162426604204,0.04945007707911815,0.04964695860697131,0.04977821295887342,0.04967977219494684,0.04997509448672657,0.04981102654684894,0.04997509448672657,0.05017197601457973,0.050631366246237104,0.05036885754243289,0.051747028237405,0.05164858747347842,0.05200953694120921,0.05220641846906236,0.05194390976525815,0.052993944580474996,0.053453334812132366,0.052797063052621836,0.05240329999691552,0.052928317404523945,0.052370486408939994,0.05197672335323368,0.05141889235764973,0.05128763800574763,0.05191109617728263,0.05164858747347842,0.05168140106145394,0.05210797770513578,0.052764249464646314,0.0525017407608421,0.05296113099249947,0.05401116580771631,0.054864319095079994,0.05597998108624789,0.05640655772992973,0.05627530337802763,0.05637374414195421,0.05703001590146473,0.05693157513753815,0.05722689742931789,0.05696438872551368,0.05643937131790526,0.05607842185017447,0.05614404902612552,0.05666906643373394,0.056997202313489204,0.057423778957171046,0.057653474072999734,0.057423778957171046,0.05830974583251026,0.05870350888821658,0.05903164476797184,0.0593597806477271,0.057915982776803945,0.05653781208183184,0.05660343925778289,0.05657062566980736,0.05630811696600315,0.05627530337802763,0.05581591314637026,0.055619031618517105,0.05617686261410105,0.057390965369195523,0.05899883117999631,0.060311374699017366,0.06132859592625868,0.06136140951423421,0.06136140951423421,0.0618536133338671,0.062313003565524466,0.06352710632061895,0.06441307319595815,0.06349429273264341,0.06326459761681473,0.06300208891301053,0.0626083258573042,0.06264113944527973,0.06290364814908395,0.06392086937632525,0.06333022479276579,0.06329741120479025,0.06155829104208736,0.062083308449695784,0.062444257917426575,0.06267395303325526,0.06352710632061895,0.064216191668105,0.06539748083522394,0.06516778571939526,0.06585687106688132,0.06628344771056316,0.0675959912295842,0.06798975428529053,0.06844914451694789,0.06992575597584658,0.06986012879989552,0.06963043368406684,0.0703195190315529,0.07081172285118578,0.07117267231891658,0.07173050331450052,0.07238677507401105,0.07320711477339921,0.07327274194935025,0.07340399630125237,0.07383057294493421,0.0746837262322979,0.07435559035254263,0.07520874363990632,0.0763244056310742,0.07593064257536788,0.07616033769119657,0.07668535509880499,0.07750569479819315,0.07724318609438895,0.07839166167353236,0.07766976273807079,0.07839166167353236,0.07858854320138552,0.07914637419696947,0.0799339003083821,0.0818042748229871,0.08226366505464447,0.08262461452237525,0.08377309010151868,0.08383871727746973,0.08597160049587894,0.08570909179207473,0.08534814232434394,0.08557783744017262,0.08639817713956079,0.08561065102814815,0.08538095591231946,0.08551221026422157,0.0867919401952671,0.08626692278765868,0.08633254996360973,0.08675912660729157,0.08715288966299789,0.08721851683894895,0.08751383913072867,0.08856387394594552,0.08843261959404342,0.08974516311306446,0.08925295929343158,0.09033580769662394,0.0906639435763792,0.09263275885491078,0.09374842084607868,0.09463438772141788,0.09483126924927104,0.09470001489736894,0.0955203545967571,0.09601255841638999,0.09683289811577815,0.097882932930995,0.09850639110253,0.09765323781516631,0.09830950957467684,0.09896578133418736,0.10060646073296367,0.10122991890449867,0.10221432654376447,0.10270653036339736,0.10267371677542184,0.10264090318744631,0.10332998853493236,0.10359249723873658,0.10421595541027157,0.10365812441468762,0.10257527601149526,0.10332998853493236,0.1043800233501492,0.1037565651786142,0.1031331070070792,0.10323154777100578,0.10385500594254078,0.10565975328119473,0.10618477068880315,0.10789107726353052,0.10903955284267394,0.10821921314328578,0.107858263675555,0.10959738383825789,0.11048335071359709,0.11241935240415316,0.11245216599212868,0.11166463988071605,0.11097555453322999,0.11120524964905867,0.11104118170918105,0.1122224708763,0.11232091164022658,0.11169745346869157,0.11287874263581052,0.11274748828390842,0.11501162585421973,0.11586477914158341,0.11730857701250658,0.11737420418845762,0.117833594420115,0.11839142541569894,0.11901488358723394,0.12118058039361868,0.12213217444490894,0.12301814132024814,0.12216498803288446,0.12282125979239499,0.12275563261644394,0.12442912560319579,0.12528227889055946,0.12452756636712237,0.12531509247853498,0.12387129460761183,0.12403536254748947,0.12278844620441946,0.12305095490822368,0.12337909078797894,0.1237072266677342,0.12314939567215026,0.12272281902846842,0.12524946530258393,0.12652919523362946,0.12692295828933578,0.12689014470136026,0.1268245175254092,0.1270542126412379,0.12764485722479735,0.1276776708127729,0.12764485722479735,0.12797299310455262,0.12590573706209446,0.12488851583485315,0.12524946530258393,0.12462600713104893,0.1250853973627063,0.12413380331141605,0.12252593750061526,0.12127902115754526,0.12111495321766762,0.1217055978012271,0.12242749673668868,0.12331346361202788,0.1223290559727621,0.12124620756956973,0.1204586814581571,0.11937583305496473,0.1204586814581571,0.12111495321766762,0.11980240969864657,0.11940864664294025,0.1187195612954542,0.1183586118277234,0.12009773199042631,0.11983522328662209,0.12019617275435289,0.12131183474552078,0.12141027550944736,0.12104932604171657,0.12206654726895788,0.12118058039361868,0.12147590268539842,0.11990085046257315,0.11776796724416394,0.11763671289226184,0.11780078083213946,0.11776796724416394,0.11727576342453104,0.11691481395680026,0.11661949166502052,0.11616010143336315,0.11533976173397499,0.11599603349348551,0.11616010143336315,0.11819454388784578,0.1187195612954542,0.11711169548465342,0.11678355960489815,0.11721013624858,0.11648823731311841,0.1168491867808492,0.11714450907262894,0.11586477914158341,0.11527413455802393,0.11278030187188394,0.11179589423261815,0.11245216599212868,0.11228809805225104,0.1124849795801042,0.11337094645544342,0.1120912165243979,0.11241935240415316,0.11304281057568814,0.11412565897888052,0.11589759272955893,0.11517569379409737,0.11543820249790157,0.11474911715041552,0.11474911715041552,0.11320687851556578,0.11445379485863579,0.11379752309912526,0.1137318959231742,0.11268186110795736,0.11271467469593288,0.11271467469593288,0.112845929047835,0.11363345515924762,0.11389596386305184,0.11511006661814631,0.11415847256685605,0.11629135578526525,0.11714450907262894,0.1180961031239192,