# R script for Peak Model
#  -- generated by MACS
p <- c(0.027925822692101997,0.03240449236913722,0.03688316204617245,0.041493557301944005,0.0458405014002429,0.04834328739623318,0.046235678136451894,0.0445232456128796,0.04439152003414327,0.04346944098298896,0.04281081308930731,0.04373289214046162,0.0445232456128796,0.04333771540425263,0.04254736193183465,0.04254736193183465,0.04412806887667061,0.04505014792782492,0.045313599085297585,0.046894306030133545,0.04794811066002418,0.046762580451397216,0.04570877582150657,0.046894306030133545,0.048606738553705835,0.047816385081287854,0.048606738553705835,0.049265366447387486,0.04966054318359648,0.04979226876233281,0.050055719919805466,0.050055719919805466,0.05163642686464143,0.052426780337059414,0.05163642686464143,0.0528219570732684,0.05255850591579574,0.05189987802211409,0.0515047012859051,0.050055719919805466,0.05110952454969611,0.05255850591579574,0.05269023149453207,0.05269023149453207,0.05255850591579574,0.05176815244337776,0.05084607339222345,0.05124125012843244,0.05031917107727813,0.05084607339222345,0.04900191528991483,0.0488701897111785,0.0475529339238152,0.04742120834507886,0.047816385081287854,0.04913364086865116,0.048606738553705835,0.04913364086865116,0.050187445498541795,0.04966054318359648,0.0515047012859051,0.05189987802211409,0.0528219570732684,0.05255850591579574,0.05255850591579574,0.0515047012859051,0.05163642686464143,0.05110952454969611,0.0515047012859051,0.054797840754313355,0.05453438959684069,0.05374403612442271,0.053348859388213724,0.05348058496695005,0.05585164538420399,0.056378547699149316,0.058090980222721605,0.05795925464398528,0.05861788253766693,0.05585164538420399,0.054929566333049684,0.056378547699149316,0.055719919805467664,0.056641998856621974,0.05624682212041299,0.05756407790777629,0.05756407790777629,0.0584861569589306,0.05874960811640326,0.0598034127462939,0.06085721737618454,0.06059376621871188,0.06243792432102051,0.06085721737618454,0.05914478485261225,0.05756407790777629,0.056378547699149316,0.05545646864799501,0.05427093843936803,0.054139212860631704,0.053875761703159046,0.054666115175577026,0.054929566333049684,0.057300626750303625,0.057168901171567296,0.05743235232903996,0.06072549179744821,0.06270137547849317,0.06428208242332913,0.06336000337217482,0.0628331010572295,0.061779296427338856,0.06072549179744821,0.05993513832503023,0.05993513832503023,0.06006686390376656,0.05822270580145794,0.05677372443535831,0.05677372443535831,0.05953996158882124,0.06006686390376656,0.05967168716755757,0.05953996158882124,0.05822270580145794,0.05835443138019427,0.05861788253766693,0.05874960811640326,0.0584861569589306,0.06046204063997555,0.05835443138019427,0.05888133369513959,0.05888133369513959,0.05927651043134858,0.060988942954920876,0.06256964989975683,0.061120668533657205,0.05993513832503023,0.060988942954920876,0.05861788253766693,0.05756407790777629,0.05677372443535831,0.056510273277885645,0.05743235232903996,0.05598337096294032,0.05545646864799501,0.05545646864799501,0.05585164538420399,0.05690545001409464,0.05624682212041299,0.05782752906524895,0.05769580348651262,0.057300626750303625,0.05598337096294032,0.05598337096294032,0.05532474306925868,0.05795925464398528,0.058090980222721605,0.056510273277885645,0.05690545001409464,0.05690545001409464,0.05743235232903996,0.05861788253766693,0.05782752906524895,0.05795925464398528,0.05914478485261225,0.05769580348651262,0.05769580348651262,0.057300626750303625,0.0584861569589306,0.05782752906524895,0.05835443138019427,0.058090980222721605,0.05940823601008491,0.06006686390376656,0.06006686390376656,0.060330315061239224,0.061252394112393534,0.061779296427338856,0.06046204063997555,0.061252394112393534,0.061911022006075185,0.061252394112393534,0.06059376621871188,0.0598034127462939,0.05888133369513959,0.05940823601008491,0.0598034127462939,0.05914478485261225,0.06072549179744821,0.06019858948250289,0.05927651043134858,0.06019858948250289,0.06151584526986619,0.06270137547849317,0.061779296427338856,0.061252394112393534,0.06164757084860252,0.06243792432102051,0.06230619874228417,0.061779296427338856,0.06164757084860252,0.06230619874228417,0.061252394112393534,0.06138411969112986,0.0628331010572295,0.0628331010572295,0.06230619874228417,0.06270137547849317,0.062042747584811514,0.061252394112393534,0.062042747584811514,0.06322827779343848,0.06586278936816509,0.06586278936816509,0.06625796610437408,0.06546761263195609,0.06507243589574711,0.06349172895091115,0.06467725915953812,0.06599451494690142,0.06652141726184674,0.06415035684459279,0.060988942954920876,0.06085721737618454,0.060330315061239224,0.06085721737618454,0.06164757084860252,0.06164757084860252,0.05927651043134858,0.05953996158882124,0.05874960811640326,0.05927651043134858,0.05953996158882124,0.05953996158882124,0.06019858948250289,0.06151584526986619,0.06019858948250289,0.06046204063997555,0.061779296427338856,0.06006686390376656,0.05993513832503023,0.06085721737618454,0.06217447316354784,0.06256964989975683,0.06322827779343848,0.06217447316354784,0.06480898473827444,0.06731177073426473,0.06783867304921004,0.06955110557278234,0.07100008693888196,0.06889247767910069,0.069814556730255,0.06836557536415536,0.06638969168311042,0.06652141726184674,0.06520416147448344,0.06533588705321977,0.06520416147448344,0.06546761263195609,0.06230619874228417,0.06507243589574711,0.06533588705321977,0.06691659399805573,0.06902420325783701,0.069419379994046,0.06968283115151866,0.0707366357814093,0.0707366357814093,0.07337114735613591,0.07719118913948948,0.07824499376938013,0.07969397513547975,0.08153813323778838,0.08311884018262435,0.08430437039125131,0.08680715638724158,0.08680715638724158,0.08944166796196819,0.0912858260642768,0.09181272837922214,0.09233963069416745,0.09352516090279443,0.09418378879647608,0.09708175152867535,0.09984798868213828,0.09853073289477497,0.10327285372928285,0.10511701183159149,0.10485356067411883,0.10880532803620872,0.11025430940230836,0.11051776055978102,0.11486470465807992,0.1182895697052245,0.12052890454374211,0.12369031843341403,0.12210961148857807,0.12355859285467771,0.12645655558687696,0.1271151834805586,0.12974969505528522,0.13212075547253918,0.13501871820473843,0.1339649135748478,0.13251593220874816,0.1335697368386388,0.13515044378347477,0.13567734609842008,0.1339649135748478,0.13343801125990248,0.1322524810512755,0.13436009031105678,0.1322524810512755,0.13067177410643954,0.13304283452369348,0.13291110894495714,0.1335697368386388,0.13462354146852945,0.13765322977946504,0.13686287630704705,0.1383118576731467,0.13897048556682834,0.1383118576731467,0.13989256461798266,0.13818013209441035,0.13699460188578338,0.13422836473232044,0.1313304020001212,0.12961796947654888,0.1292227927403399,0.1279055369529766,0.12355859285467771,0.12355859285467771,0.12026545338626946,0.11894819759890615,0.12237306264605073,0.12382204401215037,0.12289996496099606,0.12105580685868743,0.12316341611846872,0.12408549516962303,0.12395376959088669,0.12250478822478707,0.12329514169720504,0.12606137885066798,0.12145098359489642,0.12145098359489642,0.12171443475236908,0.12434894632709569,0.12066063012247845,0.11921164875637881,0.11947509991385147,0.1196068254925878,0.11973855107132413,0.1186847464414335,0.1209240812799511,0.11907992317764247,0.1196068254925878,0.11776266739027919,0.11855302086269716,0.11907992317764247,0.12066063012247845,0.11921164875637881,0.11894819759890615,0.11907992317764247,0.11763094181154285,0.1182895697052245,0.1182895697052245,0.11973855107132413,0.12250478822478707,0.12395376959088669,0.12197788590984175,0.12276823938225973,0.12184616033110542,0.12039717896500578,0.11987027665006046,0.11907992317764247,0.11894819759890615,0.11618196044544321,0.1152598813942889,0.11209846750461698,0.11196674192588064,0.11196674192588064,0.11236191866208964,0.11170329076840799,0.11051776055978102,0.11117638845346267,0.11236191866208964,0.1139426256069256,0.11130811403219901,0.1099908582448357,0.10893705361494506,0.11038603498104468,0.10972740708736303,0.11025430940230836,