# R script for Peak Model
#  -- generated by MACS
p <- c(0.027123862584647527,0.032896846850974534,0.0383949271046193,0.04343483400379367,0.04774166353581541,0.0486580102447562,0.04847474090296805,0.04902454892833252,0.05094887701710819,0.0504907036626378,0.05104051168800227,0.05076560767532003,0.05039906899174371,0.05104051168800227,0.05113214635889635,0.05085724234621412,0.049940895637273316,0.049757626295485156,0.04810820221939173,0.04755839419402725,0.04765002886492133,0.047191855510450936,0.048383106232073966,0.048566375573862126,0.048383106232073966,0.04765002886492133,0.04939108761190884,0.049574356953697,0.04966599162459108,0.05168195438426083,0.05195685839694307,0.05223176240962531,0.04984926096637924,0.049940895637273316,0.0504907036626378,0.051315415700684514,0.05085724234621412,0.052323397080519383,0.05342301313124834,0.054430994511083214,0.05415609049840098,0.0536062824730365,0.05543897589091809,0.054064455827506894,0.05507243720734177,0.0536062824730365,0.05333137846035426,0.053056474447672024,0.05296483977677794,0.05149868504247267,0.05076560767532003,0.05223176240962531,0.05122378102979043,0.05122378102979043,0.05067397300442596,0.05140705037157859,0.05159031971336675,0.05223176240962531,0.053056474447672024,0.05333137846035426,0.05498080253644769,0.05397282115661282,0.05488916786555361,0.05690513062522336,0.0562636879289648,0.05745493865058784,0.058096381346846394,0.05699676529611744,0.05608041858717665,0.055805514574494404,0.055805514574494404,0.0571800346379056,0.0567218612834352,0.055622245232706244,0.0562636879289648,0.05681349595432928,0.05800474667595231,0.057913112005058234,0.058096381346846394,0.05837128535952863,0.056538591941647044,0.05534734122002401,0.055622245232706244,0.056355322599858884,0.05745493865058784,0.05745493865058784,0.056538591941647044,0.05644695727075296,0.0571800346379056,0.05690513062522336,0.05901272805578719,0.059470901410257584,0.05901272805578719,0.057363303979693754,0.05699676529611744,0.05553061056181217,0.05543897589091809,0.05525570654912993,0.05351464780214242,0.05342301313124834,0.052689935764095704,0.05195685839694307,0.052506666422307544,0.052506666422307544,0.05168195438426083,0.05369791714393058,0.053881186485718734,0.05498080253644769,0.0562636879289648,0.05571387990360033,0.05498080253644769,0.056355322599858884,0.05644695727075296,0.05837128535952863,0.05873782404310495,0.057546573321481914,0.0571800346379056,0.056355322599858884,0.05681349595432928,0.05837128535952863,0.06020397877741022,0.059287632068469424,0.059837440093833905,0.059654170752045745,0.06011234410651614,0.059470901410257584,0.05937926673936351,0.06112032548635102,0.06047888279009246,0.059837440093833905,0.05974580542293982,0.06057051746098654,0.06093705614456286,0.06066215213188062,0.06057051746098654,0.06057051746098654,0.060845421473668775,0.05992907476472798,0.060020709435622065,0.060845421473668775,0.059287632068469424,0.05882945871399903,0.057546573321481914,0.05745493865058784,0.05708839996701152,0.059837440093833905,0.05837128535952863,0.057729842663270074,0.05745493865058784,0.05727166930879968,0.05855455470131679,0.05855455470131679,0.05873782404310495,0.05846292003042271,0.05846292003042271,0.056538591941647044,0.05937926673936351,0.059287632068469424,0.06057051746098654,0.061211960157245095,0.061211960157245095,0.06350282692959708,0.06451080830943196,0.06661840573999578,0.06753475244893659,0.06872600317055962,0.0683594644869833,0.06909254185413594,0.06991725389218265,0.0688176378414537,0.06863436849966553,0.06579369370194907,0.06634350172731354,0.06625186705641947,0.06634350172731354,0.06671004041088986,0.06625186705641947,0.06616023238552539,0.06405263495496157,0.0652438856765846,0.06570205903105499,0.06771802179072474,0.06671004041088986,0.06515225100569051,0.06643513639820763,0.06551878968926683,0.06643513639820763,0.0683594644869833,0.0705586965884412,0.06909254185413594,0.06918417652503,0.06826782981608921,0.06872600317055962,0.0688176378414537,0.06735148310714842,0.06845109915787738,0.06799292580340698,0.06661840573999578,0.06551878968926683,0.06671004041088986,0.06661840573999578,0.0674431177780425,0.06689330975267803,0.06854273382877145,0.06918417652503,0.06854273382877145,0.06808456047430106,0.06863436849966553,0.0683594644869833,0.06890927251234777,0.06973398455039449,0.06845109915787738,0.0688176378414537,0.06982561922128856,0.06927581119592409,0.07000888856307673,0.06927581119592409,0.06872600317055962,0.0710168699429116,0.06964234987950041,0.06817619514519514,0.06909254185413594,0.0688176378414537,0.06570205903105499,0.0669849444235721,0.0660685977146313,0.06671004041088986,0.06799292580340698,0.06643513639820763,0.0669849444235721,0.06762638711983066,0.06707657909446618,0.0674431177780425,0.06936744586681817,0.06808456047430106,0.06936744586681817,0.06955071520860633,0.06725984843625434,0.06735148310714842,0.06707657909446618,0.06661840573999578,0.06680167508178395,0.06735148310714842,0.06634350172731354,0.06707657909446618,0.06570205903105499,0.06634350172731354,0.06652677106910171,0.06634350172731354,0.06762638711983066,0.06872600317055962,0.06817619514519514,0.06845109915787738,0.06872600317055962,0.06918417652503,0.07028379257575897,0.0688176378414537,0.06973398455039449,0.07120013928469976,0.07174994731006423,0.07275792868989911,0.07541533414582742,0.07660658486745045,0.07669821953834453,0.07825600894354388,0.079538894336061,0.08182976110841297,0.08192139577930706,0.08448716656434128,0.08613659064043472,0.08586168662775248,0.08641149465311695,0.08512860926059984,0.08769438004563407,0.08696130267848143,0.08705293734937551,0.08833582274189263,0.09209284424854988,0.09071832418513869,0.09135976688139724,0.09456698036269003,0.09740765516040649,0.10217265804689862,0.1027224660722631,0.10611294889534405,0.10867871968037827,0.11014487441468354,0.11014487441468354,0.11170266381988289,0.11197756783256513,0.11261901052882368,0.1139018959213408,0.11362699190865856,0.11738401341531582,0.11967488018766781,0.12004141887124413,0.1223322856435961,0.12187411228912572,0.1241649790614777,0.12526459511220667,0.12526459511220667,0.12352353636521915,0.12379844037790139,0.12297372833985466,0.1223322856435961,0.12224065097270204,0.12334026702343098,0.12572276846667704,0.12663911517561785,0.12957142464422838,0.13158738740389814,0.13158738740389814,0.13195392608747444,0.13250373411283894,0.13067104069495736,0.1317706567456863,0.12828853925171127,0.12920488596065208,0.12828853925171127,0.12783036589724087,0.1286550779352876,0.1286550779352876,0.1272805578718764,0.12709728853008825,0.12755546188455863,0.12700565385919416,0.13030450201138102,0.12929652063154615,0.1286550779352876,0.12498969109952442,0.12343190169432507,0.12389007504879546,0.1259060378084652,0.12398170971968954,0.12389007504879546,0.1237068057070073,0.12251555498538427,0.12123266959286716,0.11994978420035005,0.1219657469600198,0.12095776558018492,0.12141593893465531,0.12104940025107899,0.12132430426376124,0.11994978420035005,0.12040795755482044,0.11866689880783293,0.1201330535421382,0.12224065097270204,0.12095776558018492,0.12159920827644348,0.12077449623839676,0.11903343749140925,0.11720074407352767,0.11866689880783293,0.11600949335190462,0.11463497328849344,0.11161102914898881,0.10904525836395458,0.1076707383005434,0.1058380448826618,0.10373044745209797,0.10308900475583942,0.10501333284461509,0.1027224660722631,0.10556314086997956,0.1076707383005434,0.11188593316167104,0.11170266381988289,0.11307718388329409,0.11289391454150592,0.11472660795938751,0.11573458933922239,0.11490987730117568,0.1161011280227987,0.11500151197206976,0.11756728275710397,0.11683420538995135,0.11756728275710397,0.1183919947951507,0.1183919947951507,0.11820872545336253,0.11637603203548094,0.11765891742799806,0.1183919947951507,0.11830036012425661,0.11399353059223488,0.11271064519971777,0.11408516526312895,0.11500151197206976,0.11646766670637503,0.1174756480862099,0.11811709078246846,0.11784218676978622,0.11665093604816318,0.11646766670637503,0.11875853347872702,