# R script for Peak Model
#  -- generated by MACS
p <- c(0.029378308677744557,0.03343048918501967,0.038350994086710874,0.042258453861583306,0.045152868509636956,0.044139823382818175,0.04486342704483159,0.04529758924203964,0.04529758924203964,0.04529758924203964,0.044284544115220856,0.04660007583366378,0.04660007583366378,0.04833672462249597,0.0489156075521067,0.04963921121412011,0.04963921121412011,0.04949449048171743,0.0489156075521067,0.04819200389009329,0.0489156075521067,0.04819200389009329,0.04920504901691206,0.0489156075521067,0.05007337341132816,0.05108641853814694,0.050218094143730845,0.04934976974931475,0.04934976974931475,0.05007337341132816,0.05050753560853621,0.04949449048171743,0.04833672462249597,0.047613120960482556,0.04775784169288524,0.04833672462249597,0.04906032828450938,0.04963921121412011,0.0489156075521067,0.049928652678925475,0.05108641853814694,0.050362814876133526,0.049928652678925475,0.04833672462249597,0.04920504901691206,0.049928652678925475,0.050362814876133526,0.05238890512977108,0.052823067326979126,0.05209946366496571,0.05166530146775767,0.0522441843973684,0.053257229524187176,0.05528331977782473,0.056006923439838145,0.05513859904542205,0.053691391721395226,0.05108641853814694,0.05166530146775767,0.050796977073341576,0.04963921121412011,0.05007337341132816,0.049783931946522794,0.049783931946522794,0.0489156075521067,0.04877088681970402,0.04833672462249597,0.0489156075521067,0.04833672462249597,0.05007337341132816,0.0513758600029523,0.05152058073535499,0.05238890512977108,0.05253362586217376,0.05195474293256303,0.05238890512977108,0.053691391721395226,0.053257229524187176,0.055862202707435464,0.055572761242630095,0.05513859904542205,0.05484915758061668,0.05427027465100595,0.056006923439838145,0.05629636490464351,0.05629636490464351,0.05861189662308643,0.05788829296107302,0.055862202707435464,0.05412555391860327,0.05499387831301936,0.05644108563704619,0.056151644172240826,0.05528331977782473,0.05730941003146229,0.058467175890683745,0.05644108563704619,0.05774357222867033,0.058901338087891796,0.06338768079237496,0.06338768079237496,0.061506311271140084,0.062229914933153496,0.06005910394711326,0.05774357222867033,0.05644108563704619,0.056151644172240826,0.05759885149626765,0.05730941003146229,0.054704436848214,0.052823067326979126,0.05354667098899254,0.05340195025658986,0.05528331977782473,0.056006923439838145,0.05629636490464351,0.05673052710185156,0.055428040510227414,0.05412555391860327,0.054704436848214,0.056006923439838145,0.05759885149626765,0.05687524783425424,0.05701996856665692,0.05861189662308643,0.055862202707435464,0.05745413076386497,0.05629636490464351,0.055572761242630095,0.05354667098899254,0.054704436848214,0.052967788059381814,0.053691391721395226,0.052678346594576445,0.0513758600029523,0.05398083318620059,0.0513758600029523,0.05123113927054962,0.053691391721395226,0.055862202707435464,0.055428040510227414,0.05441499538340864,0.05354667098899254,0.055428040510227414,0.05528331977782473,0.05644108563704619,0.058467175890683745,0.058322455158281064,0.05745413076386497,0.05687524783425424,0.0580330136934757,0.058901338087891796,0.05861189662308643,0.058322455158281064,0.05774357222867033,0.058467175890683745,0.05745413076386497,0.05962494174990521,0.05991438321471057,0.05904605882029448,0.058901338087891796,0.05976966248230789,0.06020382467951594,0.05991438321471057,0.061361590538737396,0.05962494174990521,0.05948022101750253,0.059335500285099846,0.05991438321471057,0.05962494174990521,0.05774357222867033,0.05716468929905961,0.055862202707435464,0.05716468929905961,0.05658580636944888,0.05745413076386497,0.05788829296107302,0.0580330136934757,0.05730941003146229,0.058322455158281064,0.05962494174990521,0.06194047346834813,0.06353240152477764,0.06237463566555618,0.06092742834152935,0.06078270760912667,0.0604932661443213,0.05730941003146229,0.05716468929905961,0.05774357222867033,0.05745413076386497,0.056151644172240826,0.055428040510227414,0.055428040510227414,0.056006923439838145,0.056006923439838145,0.05716468929905961,0.05919077955269716,0.05919077955269716,0.05904605882029448,0.05962494174990521,0.059335500285099846,0.06020382467951594,0.06107214907393203,0.06208519420075081,0.06092742834152935,0.06078270760912667,0.061506311271140084,0.06194047346834813,0.06237463566555618,0.06078270760912667,0.06194047346834813,0.0646901673839991,0.06512432958120715,0.06526905031360983,0.06483488811640178,0.06411128445438836,0.0646901673839991,0.06483488811640178,0.06541377104601251,0.06642681617283129,0.06657153690523397,0.06367712225718032,0.06092742834152935,0.06353240152477764,0.06555849177841519,0.063821842989583,0.06309823932756958,0.063821842989583,0.0629535185951669,0.06324296005997228,0.062229914933153496,0.06396656372198568,0.06526905031360983,0.06338768079237496,0.06237463566555618,0.06353240152477764,0.06425600518679105,0.06324296005997228,0.06309823932756958,0.06208519420075081,0.06251935639795886,0.06194047346834813,0.06194047346834813,0.061795752735945446,0.06251935639795886,0.06396656372198568,0.06440072591919373,0.06526905031360983,0.06440072591919373,0.06628209544042861,0.06700569910244202,0.0671504198348447,0.06990011375049567,0.07105787960971713,0.07207092473653591,0.07409701499017346,0.07583366377900565,0.07670198817342175,0.07742559183543517,0.07728087110303247,0.07800447476504589,0.07945168208907272,0.07800447476504589,0.07641254670861639,0.07496533938458956,0.07163676253932785,0.07091315887731445,0.07395229425777078,0.07670198817342175,0.07713615037062979,0.07728087110303247,0.07713615037062979,0.07930696135667004,0.0811883308779049,0.08422746625836124,0.08827964676563635,0.09001629555446854,0.09001629555446854,0.09131878214609268,0.09218710654050878,0.09479207972375707,0.09667344924499194,0.09710761144219998,0.10029146755505901,0.10333060293551534,0.10289644073830728,0.1069486212455824,0.1069486212455824,0.10767222490759581,0.11056663955564947,0.11244800907688433,0.11432937859811922,0.11838155910539432,0.11881572130260237,0.1193946042322131,0.12171013595065602,0.12127597375344797,0.12344678473948821,0.12503871279591772,0.12576231645793112,0.1251834335283204,0.12547287499312576,0.12272318107747479,0.12127597375344797,0.1209865322886426,0.12388094693669625,0.12431510913390431,0.12243373961266943,0.12286790180987749,0.1209865322886426,0.1202629286266292,0.12040764935903188,0.11968404569701846,0.12344678473948821,0.12214429814786407,0.12113125302104528,0.12011820789422652,0.12156541521825334,0.12142069448585065,0.12243373961266943,0.12359150547189089,0.12417038840150162,0.12561759572552844,0.12156541521825334,0.12330206400708553,0.12286790180987749,0.12228901888026675,0.12228901888026675,0.12171013595065602,0.1209865322886426,0.12084181155623992,0.11997348716182382,0.12142069448585065,0.12315734327468285,0.12272318107747479,0.12257846034507211,0.12199957741546139,0.12156541521825334,0.12055237009143456,0.1209865322886426,0.11982876642942114,0.11910516276740774,0.1160660273869514,0.11592130665454872,0.11621074811935408,0.11780267617578359,0.11881572130260237,0.11982876642942114,0.12113125302104528,0.11953932496461578,0.12069709082383724,0.12055237009143456,0.12315734327468285,0.12532815426072308,0.12489399206351504,0.12171013595065602,0.12084181155623992,0.11867100057019969,0.11736851397857555,0.12011820789422652,0.1193946042322131,0.11867100057019969,0.11707907251377017,0.11317161273889775,0.11317161273889775,0.11476354079532726,0.11346105420370312,0.11375049566850848,0.11288217127409238,0.11157968468246825,0.11114552248526019,0.11085608102045483,0.11071136028805215,0.11375049566850848,0.11490826152772994,0.11432937859811922,0.11505298226013262,0.1151977029925353,0.11678963104896481,0.11635546885175677,0.11635546885175677,0.11664491031656213,0.11693435178136749,0.11635546885175677,0.11418465786571652,0.11490826152772994,0.11621074811935408,0.11794739690818627,0.11765795544338091,0.1202629286266292,0.1193946042322131,0.12055237009143456,0.11823683837299163,0.1160660273869514,0.11780267617578359,