# R script for Peak Model
#  -- generated by MACS
p <- c(0.027078318563166802,0.031687394063280305,0.036066015788388125,0.04217304082603851,0.04678211632615201,0.04804961208868322,0.04874097341370025,0.04770393142617471,0.04678211632615201,0.04851051963869457,0.04989324228872862,0.050238922951237136,0.051045511163756996,0.05058460361374564,0.05208255315128253,0.05139119182626551,0.049662788513722946,0.05000846917623146,0.05093028427625416,0.04954756162622011,0.04920188096371159,0.04851051963869457,0.0473582507636662,0.04712779698866052,0.0464364356636435,0.046666889438649176,0.04781915831367755,0.04839529275119173,0.048280065863688895,0.04931710785121443,0.050354149838739974,0.051160738051259834,0.051967326263779694,0.05150641871376835,0.05231300692628821,0.053810956463825096,0.05404141023883077,0.05484799845135063,0.05438709090133928,0.05600026732637901,0.05484799845135063,0.05576981355137333,0.056115494213881845,0.056922082426401704,0.0565764017638932,0.055424132888864816,0.056115494213881845,0.05588504043887617,0.056806855538898866,0.054617544676344956,0.055539359776367654,0.053810956463825096,0.05300436825130523,0.0528891413638024,0.05358050268881942,0.05358050268881942,0.05300436825130523,0.05231300692628821,0.05277391447629956,0.05427186401383644,0.054617544676344956,0.056115494213881845,0.05576981355137333,0.05496322533885347,0.05427186401383644,0.05565458666387049,0.05427186401383644,0.05519367911385915,0.05576981355137333,0.054617544676344956,0.05358050268881942,0.05265868758879672,0.05346527580131658,0.053810956463825096,0.054156637126333604,0.05300436825130523,0.053350048913813744,0.05404141023883077,0.05300436825130523,0.05265868758879672,0.051852099376276856,0.05346527580131658,0.053926183351327935,0.05438709090133928,0.05311959513880807,0.05438709090133928,0.053926183351327935,0.05231300692628821,0.05311959513880807,0.051967326263779694,0.0528891413638024,0.05311959513880807,0.05358050268881942,0.05427186401383644,0.05450231778884212,0.05369572957632226,0.05358050268881942,0.05496322533885347,0.054732771563847794,0.056922082426401704,0.05853525885144143,0.05738298997641306,0.05772867063892157,0.05715253620140738,0.05922662017645845,0.05807435130143008,0.060494115938989665,0.0606093428264925,0.06130070415150953,0.061185477264006694,0.059687527726469805,0.06003320838897832,0.05980275461397264,0.060494115938989665,0.06003320838897832,0.06083979660149818,0.06095502348900102,0.061070250376503855,0.059687527726469805,0.05934184706396129,0.06003320838897832,0.06164638481401804,0.062452973026537906,0.06130070415150953,0.06003320838897832,0.060494115938989665,0.059687527726469805,0.05922662017645845,0.06014843527648116,0.060494115938989665,0.06095502348900102,0.05991798150147548,0.06014843527648116,0.06072456971399534,0.06095502348900102,0.06279865368904641,0.06475751077659465,0.06533364521410884,0.06464228388909182,0.0661402334266287,0.06648591408913722,0.06752295607666275,0.0661402334266287,0.06717727541415425,0.06717727541415425,0.06567932587661736,0.06418137633908047,0.0661402334266287,0.06752295607666275,0.06694682163914857,0.06648591408913722,0.06533364521410884,0.06637068720163437,0.06475751077659465,0.06498796455160033,0.06602500653912587,0.06602500653912587,0.06452705700158898,0.06302910746405209,0.06210729236402939,0.06291388057654926,0.06130070415150953,0.06095502348900102,0.062452973026537906,0.06325956123905777,0.06210729236402939,0.06302910746405209,0.062452973026537906,0.06153115792651521,0.06199206547652655,0.061070250376503855,0.06256819991404074,0.06406614945157763,0.06314433435155493,0.061876838589023715,0.06095502348900102,0.05957230083896697,0.05945707395146413,0.061070250376503855,0.06210729236402939,0.06256819991404074,0.06337478812656061,0.06233774613903507,0.06383569567657195,0.06648591408913722,0.06821431740167978,0.06971226693921666,0.07121021647675355,0.07005794760172518,0.0689056787266968,0.06994272071422233,0.07190157780177057,0.07121021647675355,0.06994272071422233,0.06867522495169112,0.06832954428918261,0.06625546031413154,0.06510319143910316,0.06683159475164573,0.06510319143910316,0.06487273766409749,0.06325956123905777,0.06291388057654926,0.06233774613903507,0.061876838589023715,0.06360524190156627,0.06441183011408615,0.0639509225640748,0.0639509225640748,0.06694682163914857,0.06602500653912587,0.06602500653912587,0.06752295607666275,0.0698274938267195,0.0716711240267649,0.07040362826423369,0.07074930892674221,0.07190157780177057,0.07282339290179328,0.07328430045180463,0.0716711240267649,0.0716711240267649,0.07270816601429043,0.07270816601429043,0.07074930892674221,0.07190157780177057,0.0735147542268103,0.07570406508936421,0.07570406508936421,0.0747822499893415,0.07754769528940961,0.07674110707688975,0.07558883820186138,0.074436569326833,0.07512793065185003,0.07489747687684435,0.0747822499893415,0.07305384667679896,0.07270816601429043,0.0725929391267876,0.07201680468927342,0.07097976270174787,0.07121021647675355,0.07201680468927342,0.0735147542268103,0.074436569326833,0.07420611555182732,0.07489747687684435,0.07374520800181597,0.0725929391267876,0.074436569326833,0.07674110707688975,0.0762801995268784,0.07651065330188407,0.07662588018938692,0.07558883820186138,0.07662588018938692,0.07558883820186138,0.07489747687684435,0.07743246840190678,0.07581929197686706,0.0762801995268784,0.07697156085189542,0.07881519105194082,0.07789337595191813,0.07823905661442664,0.07823905661442664,0.07927609860195217,0.08111972880199757,0.08204154390202027,0.08284813211454013,0.08400040098956851,0.08814856893967066,0.08745720761465363,0.08860947648968201,0.08953129158970471,0.09149014867725294,0.09390991331481253,0.09656013172737779,0.09679058550238347,0.09851898881492603,0.09851898881492603,0.09632967795237211,0.09736671993989765,0.09840376192742319,0.09886466947743454,0.10036261901497143,0.10151488788999981,0.10358897186505088,0.10566305584010195,0.10946554312769559,0.1134984841902949,0.11591824882785448,0.11925982856543678,0.12352322340304175,0.12479071916557297,0.12502117294057866,0.12490594605307581,0.12502117294057866,0.12628866870310987,0.12467549227807014,0.12375367717804743,0.1236384502905446,0.12191004697800203,0.11684006392787719,0.11937505545293961,0.11925982856543678,0.12202527386550487,0.12202527386550487,0.12340799651553892,0.12352322340304175,0.12421458472805878,0.12317754274053325,0.1236384502905446,0.1276713913531439,0.12674957625312122,0.12801707201565243,0.12674957625312122,0.1276713913531439,0.12432981161556163,0.12525162671558432,0.12525162671558432,0.12801707201565243,0.12778661824064674,0.12698003002812688,0.12744093757813824,0.12628866870310987,0.12536685360308716,0.12260140830301906,0.12317754274053325,0.12329276962803608,0.12225572764051054,0.1199511898904538,0.12018164366545947,0.12006641677795664,0.11868369412792258,0.11925982856543678,0.1190293747904311,0.12052732432796799,0.1199511898904538,0.116263929490363,0.11499643372783179,0.11672483704037435,0.11660961015287151,0.11545734127784314,0.116263929490363,0.11730097147788854,0.11914460167793393,0.11879892101542543,0.12052732432796799,0.12294708896552757,0.12191004697800203,0.12029687055296232,0.11868369412792258,0.11707051770288286,0.11695529081538003,0.11614870260286016,0.11499643372783179,0.11568779505284882,0.11545734127784314,0.11407461862780909,0.11476597995282611,0.11637915637786583,0.11603347571535733,0.11776187902789989,0.116263929490363,0.11545734127784314,0.11269189597777504,0.11280712286527787,0.11188530776525518,0.1103873582277183,0.10992645067770694,0.1088894086901814,0.10831327425266721,0.10831327425266721,0.10831327425266721,0.10739145915264452,0.10808282047766155,0.10566305584010195,0.1061239633901133,0.1079675935901587,0.11130917332774098,0.11188530776525518,0.1134984841902949,0.11303757664028355,0.11292234975278072,0.11372893796530058,0.11488120684032894,0.1153421143903403,0.11430507240281476,0.1144202992903176,0.11430507240281476,0.1134984841902949,0.11430507240281476,0.11488120684032894,0.11511166061533462,0.11384416485280341,