# R script for Peak Model
#  -- generated by MACS
p <- c(0.02588503762248737,0.030157004699273886,0.0347262478355275,0.039383572767178784,0.04361149894626647,0.04368857051723942,0.04385372388361004,0.043204120642552295,0.04415099994307714,0.04415099994307714,0.044106959045378306,0.043952815903432405,0.044007867025555945,0.04384271365918533,0.04427211241174892,0.04445928622696895,0.04462443959333956,0.044569388471216026,0.04462443959333956,0.04503181789705374,0.045318083732096136,0.04549424732289146,0.045538288220590285,0.04557131889386441,0.04552727799616558,0.0455603086694397,0.0457034415869609,0.04632001415474452,0.04563738024041265,0.04568142113811149,0.04560434956713853,0.04593465629987976,0.04607778921740095,0.04623193235934686,0.04608879944182566,0.0459897074220033,0.04627597325704569,0.04596768697315388,0.04635304482801864,0.04662830043863633,0.0465842595409375,0.04684850492713048,0.047002648069076385,0.04690355604925402,0.04728891390411878,0.04787245579862828,0.04792750692075182,0.048213772755794214,0.04840094657101424,0.04798255804287536,0.048301854551191875,0.048081650062697726,0.047938517145176524,0.048147711409245966,0.04785043534977886,0.04723386278199524,0.04729992412854349,0.04752012861703764,0.04779538422765533,0.04822478298021892,0.047839425125354156,0.04843397724428836,0.0483458954488907,0.04881933509915313,0.04916065205631906,0.05006349045914508,0.0498102552973768,0.04989833709277446,0.0498102552973768,0.04953499968675912,0.05030571539648864,0.05019561315224157,0.05086723684214872,0.05075713459790165,0.0509773390863958,0.05062501190480516,0.0505369301094075,0.05115350267719112,0.05084521639329931,0.051296635594712314,0.051120472003917,0.05119754357488995,0.05081218572002519,0.05040480741631101,0.05020662337666627,0.050327735845338055,0.050790165271175775,0.050448848314009836,0.05086723684214872,0.051230574248164074,0.051164512901615826,0.05147279918550764,0.05139572761453468,0.05190219793807123,0.052320586466210114,0.052408668261607776,0.05257382162797839,0.05243068871045719,0.05248573983258073,0.05241967848603248,0.05266190342337605,0.05247472960815602,0.0534766600308044,0.0533225168888585,0.053212414644611426,0.053531711152927944,0.05355373160177736,0.054027171252039784,0.054115253047437445,0.05389504855894329,0.05422535529168452,0.05424737574053393,0.05397212012991624,0.05475384606407048,0.05469879494194694,0.05465475404424811,0.05510617324566112,0.05466576426867282,0.0547868767373446,0.05510617324566112,0.055117183470085825,0.0553704186318541,0.05510617324566112,0.05437949843363042,0.05512819369451053,0.05524930616318231,0.05531536750973056,0.05615214456600833,0.05652649219644839,0.056229216136981286,0.05642740017662602,0.05659255354299663,0.056856798929189614,0.0575614532923709,0.05792479069838624,0.05837620989979925,0.05879459842793813,0.05828812810440159,0.058222066757853345,0.05880560865236285,0.05824408720670276,0.0588936904477605,0.059466222117845295,0.05982955952386064,0.05958733458651708,0.05951026301554412,0.05969743683076415,0.060302999174123066,0.060644316131289,0.060743408151111365,0.06172331812491034,0.061613215880663263,0.061679277227211504,0.06181139992030799,0.062075645306500976,0.062449992936941034,0.06257110540561281,0.06274726899640813,0.06342990291074,0.0640134448052495,0.06437678221126485,0.06423364929374364,0.06453092535321076,0.0647511298417049,0.06501537522789788,0.06515850814541908,0.06513648769656967,0.06565396824453092,0.06565396824453092,0.06559891712240738,0.06567598869338033,0.06647973507638398,0.06744863482575825,0.06740459392805942,0.06742661437690883,0.06799914604699361,0.0679661153737195,0.06809823806681599,0.0681092482912407,0.06827440165761131,0.06894602534751847,0.0689900662452173,0.06868177996132549,0.069716741057248,0.07048745676697751,0.07125817247670704,0.07212798020625893,0.07248030738784958,0.07331708444412735,0.07404375925615804,0.07420891262252866,0.07507872035208055,0.07521084304517704,0.07526589416730058,0.0752989248405747,0.07510074080092997,0.07561822134889122,0.07605863032587952,0.0763338859364972,0.0770495505241032,0.07771016398958565,0.07812855251772453,0.07842582857719163,0.0789543193495776,0.08013241336302131,0.08090312907275082,0.08150869141610974,0.08207021286176983,0.0826207240830052,0.08296204104017113,0.08340245001715943,0.08373275674990066,0.08492186098776908,0.08606692432793865,0.08632015948970692,0.08669450712014698,0.0865733946514752,0.08725602856580707,0.08754229440084946,0.0880377544999613,0.08857725549677196,0.08992050287658629,0.09032788118030047,0.090382932302424,0.09079031060613818,0.09172617968223831,0.0922987113523231,0.09223265000577487,0.09294831459338085,0.09350983603904094,0.09436863354416812,0.09424752107549633,0.09497419588752704,0.09561278890416007,0.09615228990097074,0.09650461708256138,0.09753957817848388,0.09850847792785815,0.09913606072006648,0.09934525498413592,0.09927919363758768,0.0998957662053713,0.1001930422648384,0.10001687867404307,0.09966455149245243,0.09982970485882305,0.0998957662053713,0.10084264550589614,0.1012280033607609,0.10248316894517756,0.10319883353278354,0.10328691532818121,0.10380439587614246,0.10481733652321555,0.10578623627258982,0.1060614918832075,0.10732766769204886,0.10748181083399477,0.10817545497275134,0.10884707866265851,0.10890212978478205,0.10902324225345382,0.10940860010831858,0.1100141624516775,0.11098306220105177,0.11102710309875059,0.11053164299963876,0.11093902130335294,0.11054265322406347,0.1100251726761022,0.11124730758724474,0.11275570833342967,0.11304197416847207,0.1129428821486497,0.1139668330201475,0.11504583501376883,0.1155743257861548,0.11580554049907366,0.11685151181942087,0.11701666518579149,0.11680747092172204,0.11677444024844792,0.11725889012313505,0.1180736467305634,0.11783142179321984,0.11847001480985288,0.1195269963546248,0.12005548712701075,0.12069408014364379,0.12216945021655459,0.12263187964239232,0.12238965470504876,0.12350168737194421,0.12358976916734186,0.12385401455353486,0.12365583051389012,0.12380997365583601,0.1245146280190173,0.12503210856697855,0.12473483250751145,0.12477887340521028,0.12558261978821392,0.12489998587388207,0.12559363001263862,0.12617717190714814,0.12708001030997415,0.12736627614501655,0.12810396118147194,0.12796082826395075,0.1280489100593484,0.12918296317509328,0.12927104497049094,0.1299206482115487,0.13003075045579576,0.13004176068022047,0.12945821878571098,0.12955731080553334,0.12888568711562617,0.12874255419810499,0.1290618507064215,0.12841224746536375,0.1281480020791708,0.12839022701651434,0.12734425569616714,0.12694788761687767,0.1272892045740436,0.12765254198005893,0.12726718412519417,0.12704697963670003,0.1265735399864376,0.12589090607210573,0.1256817118080363,0.12463574048768908,0.12558261978821392,0.12592393674537986,0.12593494696980456,0.12499907789370443,0.12465776093653849,0.12474584273193616,0.1252082721577739,0.12574777315458455,0.12645242751776584,0.12678273425050704,0.12685980582148,0.1262762639269705,0.12586888562325632,0.1262652537025458,0.1262652537025458,0.12630929460024462,0.12596797764307868,0.1265735399864376,0.1256707015836116,0.12478988362963499,0.12426139285724903,0.12312733974150415,0.1228961250285853,0.12234561380734991,0.12249975694929582,0.121740051463991,0.12131065271142741,0.12014356892240842,0.12035276318647786,0.12118954024275563,0.12065003924594496,0.12133267316027682,0.12198227640133458,0.12170702079071688,0.12222450133867814,0.12208136842115694,0.12238965470504876,0.12241167515389817,0.12176207191284043,0.12112347889620738,0.12142075495567449,0.12200429685018399,0.12132166293585211,0.1211344891206321,0.12039680408417669,0.12060599834824613,0.12039680408417669,0.12023165071780607,0.12009952802470959,0.12018760982010725,0.120121548473559,0.11998942578046251,0.11962608837444716,0.11985730308736602,0.11974720084311895,0.12016558937125783,0.12038579385975198,0.12015457914683313,0.12077115171461675,0.12065003924594496,0.12003346667816134,0.11993437465833898,0.11980225196524248,0.11972518039426953,0.12013255869798371,