# R script for Peak Model
#  -- generated by MACS
p <- c(0.01686607251292988,0.01994110230810494,0.0227055230330603,0.02574949192121339,0.02873133899532254,0.029383618042783916,0.029538922577893766,0.02988059255513544,0.029352557135761945,0.029507861670871795,0.029010887158520272,0.028513912646168746,0.028327547204036924,0.028544973553190717,0.02873133899532254,0.02789269450572934,0.028141181761905103,0.02773738997061949,0.027675268156575547,0.028172242668927074,0.028451790832124804,0.028451790832124804,0.028389669018080866,0.027582085435509638,0.027457841807421755,0.027985877226795252,0.02776845087764146,0.027675268156575547,0.027488902714443725,0.026557075503784618,0.026370710061652796,0.026370710061652796,0.026650258224850527,0.0269919282020922,0.02692980638804826,0.026339649154630825,0.026215405526542942,0.027116171830180082,0.026619197317828556,0.02689874548102629,0.02686768457400432,0.02696086729507023,0.02674344094591644,0.026557075503784618,0.02596691827036718,0.026650258224850527,0.02677450185293841,0.02686768457400432,0.027488902714443725,0.027271476365289933,0.027799511784663427,0.028358608111058895,0.028669217181278597,0.028824521716388447,0.029414678949805886,0.02991165346215741,0.030035897090245293,0.029694227113003617,0.030035897090245293,0.030222262532377114,0.030470749788552874,0.030129079811311202,0.029849531648113468,0.02994271436917938,0.02994271436917938,0.029507861670871795,0.029352557135761945,0.029538922577893766,0.029725288020025588,0.02978740983406953,0.02907300897256421,0.028576034460212688,0.02873133899532254,0.029135130786608152,0.029290435321718003,0.029569983484915737,0.029538922577893766,0.028700278088300567,0.028451790832124804,0.02894876534447633,0.029290435321718003,0.030004836183223322,0.02988059255513544,0.029197252600652094,0.029010887158520272,0.028482851739146775,0.02894876534447633,0.029569983484915737,0.029694227113003617,0.029010887158520272,0.029445739856827854,0.02888664353043239,0.028700278088300567,0.02904194806554224,0.0289798262514983,0.02910406987958618,0.029321496228739974,0.029601044391937708,0.029632105298959675,0.030284384346421053,0.030315445253443023,0.030222262532377114,0.030563932509618787,0.0312783333711241,0.031247272464102135,0.0318063687904976,0.0318063687904976,0.03152682062729987,0.031247272464102135,0.03189955151156351,0.03193061241858548,0.03236546511689307,0.03270713509413474,0.032520769652002915,0.03258289146604686,0.03273819600115671,0.0326450132800908,0.032831378722222616,0.033390475048618085,0.032800317815200646,0.033141987792442325,0.0337942668399037,0.03382532774692567,0.03388744956096961,0.03441548498034311,0.03438442407332114,0.03441548498034311,0.034570789515452956,0.03438442407332114,0.03391851046799158,0.03354577958372794,0.033452596862662026,0.03351471867670597,0.0323344042098711,0.03186849060454154,0.031620003348365774,0.0318063687904976,0.032427586930937,0.033173048699464296,0.03357684049074991,0.03394957137501355,0.03419805863118931,0.03438442407332114,0.03556473854015601,0.03649656575081511,0.037242027519342406,0.03752157568254014,0.037739002031693926,0.03699354026316664,0.03649656575081511,0.03637232212272724,0.036527626657837084,0.03680717482103482,0.037210966612320436,0.036869296635078756,0.03612383486655147,0.03593746942441965,0.035223068562914336,0.035471555819090096,0.036558687564859055,0.036527626657837084,0.036558687564859055,0.03624807849463935,0.03649656575081511,0.03643444393677118,0.03668293119294694,0.03696247935614467,0.03783218475275984,0.038018550194891663,0.03842234198617728,0.03966477826705609,0.03957159554599018,0.04025493550047352,0.04044130094260535,0.04140418906028642,0.042367077177967505,0.04298829531840691,0.04273980806223115,0.04273980806223115,0.042149650828813716,0.04168373722348416,0.04227389445690159,0.04199434629370386,0.04131100633922052,0.04081403182686899,0.04019281368642958,0.03954053463896821,0.03966477826705609,0.039726900081100025,0.04075191001282505,0.04072084910580308,0.04019281368642958,0.041248884525176575,0.042118589921791745,0.042367077177967505,0.043267843481604645,0.04345420892373646,0.04376481799395617,0.04475876701865922,0.044417097041417546,0.044354975227373604,0.04510043699590089,0.04432391432035163,0.044106487971197844,0.04447921885546149,0.04382693980800011,0.04357845255182435,0.04401330525013193,0.04426179250630769,0.04478982792568119,0.045286802438032715,0.04494513246079104,0.04631181236975773,0.046187568741669856,0.04631181236975773,0.047243639580416844,0.0482375886051199,0.04857925858236157,0.04867244130342748,0.04923153762982294,0.04941790307195477,0.050473973910701755,0.04994593849132826,0.05112625295816313,0.05087776570198737,0.051312618400294954,0.05177853200562451,0.051561105656470714,0.05125049658625101,0.05093988751603131,0.05187171472669042,0.05177853200562451,0.05261717649521771,0.052275506517976036,0.053052029193525294,0.053083090100547264,0.053145211914591206,0.053611125519920755,0.05432552638142608,0.05410810003227228,0.054542952730579866,0.055692206290392766,0.05594069354656853,0.056499789872963994,0.05792859159597463,0.058487687922370094,0.059388454226007234,0.0599475505524027,0.06081725594901787,0.06103468229817166,0.06134529136839136,0.06112786501923757,0.06075513413497393,0.06137635227541333,0.06156271771754516,0.0619354486018088,0.06190438769478683,0.06184226588074289,0.061189986833281515,0.06271197127735806,0.06243242311416033,0.06271197127735806,0.0636127375809952,0.06429607753547854,0.06426501662845657,0.06442032116356643,0.06525896565315963,0.06606654923573085,0.06684307191128011,0.06730898551660966,0.06814763000620286,0.06895521358877409,0.06904839630984,0.06895521358877409,0.06883096996068622,0.06935900538005971,0.06976279717134531,0.07081886801009231,0.07206130429097113,0.07286888787354236,0.07401814143335525,0.07491890773699239,0.07594391766871741,0.07740378029875002,0.0785840947655849,0.08091366279223267,0.08103790642032055,0.08153488093267207,0.08218715998013344,0.0831811090048365,0.08436142347167136,0.08451672800678121,0.08597659063681382,0.08541749431041835,0.08585234700872595,0.08473415435593501,0.08619401698596761,0.08687735694045096,0.08718796601067066,0.08759175780195627,0.08703266147556081,0.0877781232440881,0.08768494052302218,0.08917586406007677,0.09013875217775784,0.09066678759713134,0.09119482301650483,0.09156755390076848,0.09299635562377911,0.09237513748333971,0.09194028478503212,0.09181604115694424,0.09243725929738365,0.0929031729027132,0.09287211199569123,0.09417667009061398,0.09364863467124049,0.0935243910431526,0.09302741653080109,0.09308953834484503,0.09364863467124049,0.09476682732403142,0.0949842536731852,0.09585395906980038,0.09672366446641555,0.09607138541895417,0.0970963953506792,0.09821458800347012,0.09768655258409663,0.09933278065626105,0.1006373387511838,0.10073052147224971,0.10094794782140351,0.10026460786692017,0.10066839965820577,0.1005441560301179,0.10082370419331563,0.10104113054246942,0.10097900872842548,0.10110325235651337,0.10187977503206262,0.1011653741705573,0.10268735861463385,0.10287372405676568,0.1033706985691172,0.10371236854635887,0.10389873398849069,0.10386767308146871,0.10579344931683088,0.10607299748002862,0.10607299748002862,0.10756392101708319,0.10728437285388545,0.1078745300873029,0.10855787004178624,0.11020409811395067,0.11076319444034613,0.11197456981420298,0.11209881344229085,0.11303064065294996,0.11346549335125755,0.11402458967765301,0.11442838146893863,0.11585718319194926,0.11632309679727881,0.11694431493771822,0.11709961947282807,0.11765871579922355,0.11955343112756373,0.11961555294160767,0.12060950196631072,0.1209511719435524,0.1221936082244312,0.12197618187527741,0.12244209548060697,0.12321861815615623,0.12452317625107898,0.12393301901766154,0.12371559266850775,0.12533075983365022,0.12654213520750704,0.12756714513923206,0.12772244967434193,0.1293065559324624,0.12939973865352833,0.12955504318863817,0.12958610409566013,0.13126339307484652,0.13166718486613216,0.1323505248206155,0.13113914944675867,0.13203991575039578,