# R script for Peak Model
#  -- generated by MACS
p <- c(0.02047050314222223,0.022403828438987666,0.02501950384049384,0.027294004189629642,0.030592029695876558,0.029795954573679027,0.03047830467841977,0.028772429416567914,0.028090079311827176,0.027180279172172854,0.026839104119802483,0.028772429416567914,0.029113604468938285,0.029454779521308656,0.030819479730790137,0.03275280502755557,0.03320770509738273,0.03275280502755557,0.032980255062469155,0.03366260516720989,0.0335488801497531,0.034117505237037056,0.03434495527195063,0.034913580359234586,0.033776330184666685,0.0312743798006173,0.03104692976570372,0.032639080010098784,0.033321430114839526,0.03195672990535804,0.03138810481807409,0.029113604468938285,0.029682229556222236,0.03047830467841977,0.029341054503851865,0.03195672990535804,0.03275280502755557,0.03286653004501236,0.03172927987044446,0.03172927987044446,0.03161555485298767,0.03275280502755557,0.0324116299751852,0.03161555485298767,0.03229790495772841,0.03150182983553088,0.030592029695876558,0.0301371296260494,0.030364579660962978,0.03104692976570372,0.0312743798006173,0.03138810481807409,0.03047830467841977,0.031160654783160508,0.03150182983553088,0.0312743798006173,0.0324116299751852,0.03229790495772841,0.032980255062469155,0.03309398007992594,0.033435155132296314,0.034231230254493844,0.033776330184666685,0.0335488801497531,0.03275280502755557,0.03286653004501236,0.03229790495772841,0.03252535499264199,0.0324116299751852,0.03309398007992594,0.03286653004501236,0.031843004887901254,0.03207045492281483,0.03150182983553088,0.03070575471333335,0.02990967959113582,0.030592029695876558,0.029454779521308656,0.028999879451481497,0.029227329486395077,0.030364579660962978,0.0301371296260494,0.030819479730790137,0.03195672990535804,0.033776330184666685,0.034572405306864215,0.035823380498888904,0.03639200558617286,0.037301805725827177,0.036960630673456805,0.03673318063854323,0.03764298077819755,0.03752925576074076,0.0370743556909136,0.035823380498888904,0.03514103039414816,0.03320770509738273,0.0335488801497531,0.033321430114839526,0.03366260516720989,0.031843004887901254,0.03138810481807409,0.03252535499264199,0.03195672990535804,0.0324116299751852,0.033321430114839526,0.033435155132296314,0.03434495527195063,0.03525475541160496,0.03627828056871607,0.03741553074328397,0.03673318063854323,0.0359371055163457,0.035709655481432116,0.03514103039414816,0.034231230254493844,0.03400378021958026,0.03309398007992594,0.03229790495772841,0.03104692976570372,0.030250854643506186,0.03172927987044446,0.03161555485298767,0.03207045492281483,0.03286653004501236,0.0335488801497531,0.03400378021958026,0.034231230254493844,0.03445868028940743,0.033321430114839526,0.033321430114839526,0.033435155132296314,0.035027305376691374,0.035823380498888904,0.036619455621086434,0.036505730603629646,0.03639200558617286,0.03548220544651853,0.03434495527195063,0.03514103039414816,0.03514103039414816,0.0347998553417778,0.03320770509738273,0.03207045492281483,0.032980255062469155,0.03286653004501236,0.0335488801497531,0.034686130324321,0.03559593046397533,0.03548220544651853,0.036960630673456805,0.036505730603629646,0.036619455621086434,0.03673318063854323,0.0370743556909136,0.0370743556909136,0.03627828056871607,0.03673318063854323,0.03684690565600002,0.03787043081311113,0.03900768098767903,0.040486106214617304,0.040372381197160516,0.04105473130190126,0.04059983123207409,0.04298805659866669,0.04423903179069138,0.04378413172086422,0.0440115817557778,0.04469393186051854,0.04412530677323459,0.04367040670340743,0.04412530677323459,0.044352756808148174,0.043556681685950636,0.04105473130190126,0.04150963137172842,0.042419431511382735,0.04332923165103706,0.04298805659866669,0.04344295666849385,0.04298805659866669,0.0440115817557778,0.04571745701762965,0.04526255694780249,0.04651353213982718,0.04526255694780249,0.04469393186051854,0.04367040670340743,0.04446648182560496,0.043556681685950636,0.04503510691288891,0.04560373200017286,0.04458020684306175,0.044352756808148174,0.04480765687797533,0.04537628196525928,0.04560373200017286,0.04639980712237039,0.04617235708745681,0.045944907052543234,0.045944907052543234,0.04526255694780249,0.044352756808148174,0.04458020684306175,0.045490006982716075,0.04639980712237039,0.046740982174740764,0.047878232349308665,0.04730960726202472,0.04878803248896299,0.04799195736676545,0.04878803248896299,0.04844685743659262,0.04924293255879015,0.048219407401679036,0.04810568238422225,0.047537057296938294,0.04651353213982718,0.047082157227111135,0.04537628196525928,0.04389785673832101,0.04389785673832101,0.0440115817557778,0.04537628196525928,0.04480765687797533,0.04480765687797533,0.04480765687797533,0.045490006982716075,0.04503510691288891,0.046740982174740764,0.05003900768098768,0.049015482523876566,0.050607632768271626,0.049129207541333354,0.05038018273335805,0.050607632768271626,0.05310958315232101,0.05310958315232101,0.05424683332688891,0.05390565827451854,0.05185860796029632,0.052995858134864224,0.052995858134864224,0.055270358484000026,0.054929183431629655,0.054133108309432125,0.05231350803012348,0.052882133117407436,0.052882133117407436,0.054133108309432125,0.05720368378076546,0.05731740879822225,0.058454658972790154,0.05754485883313583,0.057999758902962995,0.059591909147358055,0.060387984269555585,0.06061543430446917,0.05970563416481484,0.0590232840600741,0.057658583850592623,0.058454658972790154,0.0578860338855062,0.0578860338855062,0.059250734094987684,0.059137009077530896,0.05947818412990127,0.059933084199728426,0.061184059391753115,0.06436835988054324,0.06391345981071608,0.06561933507256794,0.06652913521222226,0.06789383542170374,0.06914481061372843,0.07096441089303707,0.07323891124217287,0.07562713660876547,0.07812908699281486,0.07824281201027164,0.08006241228958029,0.08176828755143214,0.08529376309259264,0.0880231635115556,0.08961531375595067,0.09234471417491362,0.09336823933202473,0.09348196434948153,0.09473293954150622,0.09587018971607413,0.09723488992555561,0.09916821522232104,0.10110154051908647,0.10212506567619759,0.10428584100787659,0.10474074107770376,0.10644661633955561,0.10803876658395067,0.1076975915315803,0.10633289132209882,0.10803876658395067,0.10690151640938277,0.10439956602533339,0.10428584100787659,0.1006466404492593,0.09985056532706178,0.10144271557145684,0.10019174037943215,0.10405839097296302,0.10519564114753091,0.1065603413570124,0.10792504156649388,0.10928974177597536,0.11167796714256796,0.11361129243933339,0.11554461773609882,0.1134975674218766,0.11474854261390129,0.1123603172473087,0.11497599264881488,0.11327011738696302,0.11372501745679017,0.11543089271864203,0.11338384240441982,0.11406619250916054,0.11395246749170376,0.1157720677710124,0.11554461773609882,0.11497599264881488,0.11327011738696302,0.11327011738696302,0.11201914219493833,0.11019954191562968,0.11054071696800005,0.10872111668869142,0.10724269146175314,0.10610544128718524,0.10724269146175314,0.11042699195054327,0.11145051710765437,0.11292894233459265,0.11474854261390129,0.11827401815506179,0.11747794303286425,0.12134459362639512,0.12236811878350623,0.12111714359148154,0.12077596853911117,0.11872891822488894,0.11770539306777783,0.11861519320743216,0.11702304296303709,0.11474854261390129,0.11634069285829636,0.11747794303286425,0.11713676798049388,0.12020734345182722,0.11827401815506179,0.11690931794558031,0.11838774317251857,0.11634069285829636,0.11895636825980253,0.11702304296303709,0.11622696784083957,0.11281521731713585,0.11520344268372845,0.1134975674218766,0.11725049299795068,0.11975244338200006,0.12225439376604945,0.12293674387079019,0.12259556881841982,0.12475634415009883,0.1261210443595803,0.1294190698658272,0.12714456951669142,0.13067004505785193,0.13067004505785193,0.12919161983091365,0.1285092697261729,0.13067004505785193,0.13135239516259264,0.1330582704244445,0.13294454540698772,0.13214847028479018,0.1332857204593581,0.13374062052918526,0.13487787070375315,0.13510532073866674,0.1353327707735803,0.13601512087832104,0.1356739458259507,0.13601512087832104,