# R script for Peak Model
#  -- generated by MACS
p <- c(0.01496987532735595,0.017510980214856708,0.020379158008669445,0.02281962507884344,0.025612324509661104,0.02551168669233434,0.02548652723800265,0.025360729966344198,0.02546136778367096,0.02611551359629492,0.02609035414196323,0.026417427048275207,0.026341948685280135,0.02651806486560197,0.025788440689982938,0.02581360014431463,0.02614067305062661,0.02699609449790409,0.026694181045923804,0.026694181045923804,0.02659354322859704,0.026014875778968157,0.02548652723800265,0.0258890785073097,0.026216151413621682,0.026442586502606898,0.026367108139611826,0.026014875778968157,0.026744499954587185,0.026794818863250566,0.026870297226245638,0.027222529586889307,0.02737348631287945,0.026870297226245638,0.02694577558924071,0.026794818863250566,0.02729800794988438,0.026769659408918876,0.026216151413621682,0.025763281235651248,0.02614067305062661,0.02586391905297801,0.02609035414196323,0.026694181045923804,0.02694577558924071,0.027071572860899163,0.026719340500255494,0.026819978317582257,0.026694181045923804,0.026744499954587185,0.026694181045923804,0.027222529586889307,0.02759992140186467,0.027197370132557616,0.02732316740421607,0.027247689041220997,0.027247689041220997,0.027474124130206213,0.027926994308176648,0.02807795103416679,0.027952153762508338,0.027876675399513266,0.027801197036518194,0.02800247267117172,0.02800247267117172,0.027826356490849885,0.027826356490849885,0.027926994308176648,0.0280527915798351,0.027952153762508338,0.02802763212550341,0.027901834853844957,0.027700559219191432,0.02739864576721114,0.027952153762508338,0.028228907760156935,0.02762508085619636,0.02767539976485974,0.027700559219191432,0.027952153762508338,0.02807795103416679,0.02837986448614708,0.028304386123152007,0.028706937392459057,0.028631459029463985,0.028933372481444272,0.02986427229171683,0.03031714246968726,0.030593896467335856,0.030241664106692188,0.030619055921667547,0.03069453428466262,0.031097085553969672,0.030895809919316147,0.0310216071909746,0.030795172101989385,0.03097128828231122,0.031097085553969672,0.030795172101989385,0.031600274640603485,0.03142415846028165,0.031323520642954884,0.0312983611886232,0.031524796277608416,0.031524796277608416,0.03180155027525701,0.03217894209023237,0.03195250700124715,0.032455696087880966,0.03220410154456406,0.032807928448524634,0.033084682446173234,0.03358787153280705,0.03401558225644579,0.03419169843676762,0.03444329298008453,0.034166538982435934,0.03446845243441622,0.034896163158054966,0.0353490333360254,0.035021960429713415,0.034896163158054966,0.03459424970607467,0.03474520643206482,0.03449361188874791,0.03459424970607467,0.03487100370372327,0.034896163158054966,0.03446845243441622,0.03409106061944086,0.0345187713430796,0.035021960429713415,0.03544967115335216,0.036229614237634565,0.03680828168726345,0.03728631131956558,0.03700955732191698,0.037764340951867696,0.03824237058416982,0.03846880567315504,0.038217211129838134,0.03796561658652123,0.038619762399145184,0.03824237058416982,0.0385694434904818,0.03814173276684306,0.03882103803379871,0.039022313668452234,0.03894683530545716,0.039198429848774065,0.039877735115729715,0.040506721474021984,0.040229967476373384,0.04017964856771,0.03957582166374943,0.03972677838973957,0.04043124311102691,0.040154489113378315,0.039877735115729715,0.040682837654343815,0.040557040382685365,0.04053188092835367,0.040909272743329034,0.04106022946931918,0.04184017255360159,0.04211692655125018,0.0412615051039727,0.041286664558304396,0.041311824012636084,0.041638896918948065,0.041689215827611446,0.04196596982526004,0.041588578010284684,0.041588578010284684,0.041236345649641015,0.04196596982526004,0.04269559400087907,0.04385292890013684,0.045010263799394615,0.044607712530087565,0.04498510434506292,0.045538612340360114,0.04631855542464253,0.04727461468924677,0.04782812268454397,0.047350093052241846,0.04742557141523692,0.046544990513627746,0.04712365796325663,0.04742557141523692,0.04865838467748976,0.04875902249481652,0.049060935946796815,0.04956412503343063,0.050042154665732745,0.05102337338466868,0.05132528683664897,0.05238198391857998,0.052256186646921526,0.0528600135508821,0.052935491913877177,0.05361479718083283,0.05424378353912509,0.05384123226981804,0.0539418700871448,0.05399218899580818,0.054092826813134945,0.05416830517613002,0.05459601589976876,0.05492308880608074,0.05509920498640257,0.055451437347046245,0.05565271298169977,0.05608042370533851,0.056608772246304014,0.05668425060929908,0.0571874396959329,0.05721259915026459,0.057338396421923045,0.05789190441722024,0.05776610714556178,0.05794222332588362,0.05781642605422516,0.057388715330586426,0.05756483151090826,0.058470571866849126,0.05912471767947308,0.05932599331412661,0.059225355496799845,0.05955242840311182,0.06033237148739423,0.060835560574028044,0.06138906856932524,0.0625715629229147,0.06350246273318726,0.063930173456826,0.06357794109618232,0.06342698437019219,0.06448368145212319,0.06549005962539083,0.06541458126239574,0.06599324871202464,0.06584229198603449,0.06629516216400493,0.06652159725299014,0.06624484325534154,0.06684867015930211,0.06808148342155496,0.06845887523653033,0.06775441051524297,0.0677040916065796,0.06750281597192608,0.0679808456042282,0.06871046977984722,0.0687859481428423,0.0693394561381395,0.07112577739568954,0.07185540157130856,0.07172960429965011,0.07258502574692759,0.07396879573517058,0.07434618755014594,0.07598155208170583,0.07570479808405724,0.07635894389668119,0.07615766826202766,0.07520160899742342,0.07535256572341356,0.07492485499977482,0.07462294154779453,0.07422039027848748,0.0752770873604185,0.07565447917539385,0.07613250880769598,0.07512613063442834,0.07595639262737414,0.07638410335101288,0.07673633571165656,0.07849749751487489,0.07897552714717702,0.07925228114482562,0.07962967295980097,0.07920196223616224,0.08023349986376155,0.08214561839297005,0.08373066401586655,0.08398225855918347,0.08438480982849052,0.0841583747395053,0.0860453338143821,0.08752974161995185,0.08780649561760044,0.08863675761054624,0.0884606414302244,0.088737395427873,0.08934122233183357,0.09044823832242797,0.09147977595002729,0.09291386484693365,0.09339189447923578,0.09364348902255268,0.09449891046983017,0.09429763483517664,0.09485114283047384,0.09598331827539991,0.0960084777297316,0.09585752100374147,0.0965619857250288,0.09671294245101894,0.0973670882636429,0.09880117716054927,0.09917856897552463,0.10078877405275283,0.10156871713703525,0.10171967386302538,0.10267573312762963,0.10345567621191204,0.10388338693555078,0.10418530038753107,0.10295248712527823,0.10290216821661485,0.10350599512057543,0.10486460565448673,0.10511620019780363,0.10468848947416488,0.10481428674582334,0.10617289727973464,0.10665092691203676,0.10753150781364594,0.10894043725622062,0.10828629144359665,0.10808501580894313,0.10738055108765579,0.1092675101625326,0.11133058541773122,0.11143122323505798,0.11110415032874602,0.11153186105238475,0.11206020959335025,0.11206020959335025,0.11374589303357353,0.11502902520448975,0.11540641701946512,0.11533093865647004,0.11480259011550453,0.11663923028171796,0.11689082482503486,0.11721789773134685,0.11704178155102501,0.11867714608258491,0.11872746499124828,0.11847587044793138,0.11996027825350113,0.11913001626055533,0.11985964043617436,0.11943192971253562,0.12071506188345185,0.12126856987874904,0.12252654259533358,0.12257686150399695,0.12378451531191811,0.12486637184818081,0.12453929894186883,0.12645141747107733,0.12720620110102804,0.12743263619001324,0.12831321709162244,0.1287157683609295,0.12926927635622668,0.13065304634446967,0.129244116901895,0.1297724654428605,0.13065304634446967,0.13098011925078165,0.1313826705200887,0.13254000541934646,0.13284191887132676,0.13309351341464365,0.13372249977293593,0.13382313759026268,0.136968069381724,0.1378486502833332,0.13860343391328392,0.1396852904495466,0.14056587135115578,0.1410690604377896,0.14227671424571076,0.14257862769769103,0.1432076140559833,0.14421399222925094,0.1434843680536319,0.14501909476786504,0.14607579184979605,