# R script for Peak Model
#  -- generated by MACS
p <- c(0.015341741811119695,0.017760322284872683,0.02046768848683498,0.022561385016352492,0.02469117976189617,0.02469117976189617,0.024041411873425216,0.024402394033686856,0.025124358354210136,0.02469117976189617,0.024510688681765348,0.024582885113817676,0.024330197601634528,0.024655081545870004,0.02541314408241945,0.025304849434340956,0.026026813754864233,0.02627950126704738,0.025268751218314792,0.025846322674733416,0.02617120661896889,0.026135108402942725,0.02635169769909971,0.02671267985936135,0.026496090563204365,0.02682097450743984,0.026496090563204365,0.026207304834995053,0.02707366201962299,0.027037563803596825,0.026387795915125873,0.025882420890759577,0.026062911970890397,0.02599071553883807,0.02617120661896889,0.02534094765036712,0.025304849434340956,0.024907769058053152,0.02461898332984384,0.02443849224971302,0.02552143873049794,0.025665831594602596,0.025846322674733416,0.02609901018691656,0.02609901018691656,0.02671267985936135,0.026965367371544497,0.026965367371544497,0.02664048342730902,0.026568286995256693,0.025629733378576432,0.025810224458707252,0.025377045866393284,0.0251604565702363,0.024943867274079316,0.02541314408241945,0.026207304834995053,0.02689317093949217,0.027651233476041613,0.02725415309975381,0.027940019204250925,0.028301001364512565,0.028120510284381745,0.02790392098822476,0.028120510284381745,0.027651233476041613,0.02682097450743984,0.02682097450743984,0.026676581643335185,0.02718195666770148,0.027109760235649153,0.026965367371544497,0.02707366201962299,0.02653218877923053,0.026387795915125873,0.026135108402942725,0.02577412624268109,0.025088260138183972,0.02461898332984384,0.02461898332984384,0.025016063706131644,0.02487167084202699,0.025088260138183972,0.025882420890759577,0.026207304834995053,0.027109760235649153,0.027831724556172433,0.028661983524774205,0.0291673585491405,0.029383947845297485,0.02862588530874804,0.029131260333114337,0.029383947845297485,0.029275653197218993,0.028553688876695713,0.028481492444643385,0.028481492444643385,0.02815660850040791,0.02779562634014627,0.027687331692067777,0.02808441206835558,0.0282649031484864,0.02815660850040791,0.028373197796564893,0.02934784962927132,0.02898686746900968,0.029275653197218993,0.029456144277349813,0.030033715733768437,0.029492242493375977,0.029817126437611453,0.029744930005559125,0.029672733573506797,0.03025030502992542,0.029925421085689945,0.030755680054291717,0.031188858646605686,0.03122495686263185,0.03104446578250103,0.031983019399181294,0.031983019399181294,0.03205521583123362,0.032344001559442934,0.03176643010302431,0.03256059085559992,0.03256059085559992,0.03216351047931211,0.03252449263957375,0.03281327836778306,0.031910822967128966,0.031261055078658014,0.03061128719018706,0.030719581838265553,0.03050299254210857,0.02942004606132365,0.028481492444643385,0.02887857282093119,0.02862588530874804,0.02761513526001545,0.028589787092721877,0.029275653197218993,0.0300698139497946,0.030466894326082405,0.0313693497267365,0.03209131404725978,0.031983019399181294,0.03140544794276267,0.032307903343416766,0.0331742605280447,0.03331865339214936,0.033679635552411,0.034076715928698806,0.033824028416515654,0.03364353733638484,0.03353524268830634,0.03429330522485579,0.034509894521012774,0.034185010576777294,0.033824028416515654,0.03360743912035867,0.03400451949664648,0.03429330522485579,0.03465428738511743,0.03472648381716976,0.035592841001797694,0.03573723386590235,0.036603591050530286,0.03617041245821632,0.037072867858870415,0.03703676964284425,0.03653139461847796,0.03714506429092274,0.03732555537105356,0.03786702861144602,0.0372894571550274,0.03797532325952451,0.037433850019132055,0.03833630541978615,0.038877778660178615,0.039347055468518743,0.039635841196728056,0.03869728758004779,0.039238760820440255,0.03894997509223094,0.03916656438838793,0.0385889929319693,0.03938315368454491,0.03931095725249258,0.038552894715943135,0.038191912555681495,0.0385889929319693,0.03905826974030943,0.03848069828389081,0.03894997509223094,0.039274859036466415,0.03956364476467573,0.03938315368454491,0.03894997509223094,0.03945535011659724,0.03981633227685888,0.03985243049288504,0.04057439481340832,0.040321707301225175,0.0394914483326234,0.0390943679563356,0.03981633227685888,0.040430001949303664,0.04147685021406242,0.04198222523842872,0.04346225209550144,0.043245662799344456,0.04274028777497816,0.04349835031152761,0.04418421641602472,0.045050573600652656,0.04566424327309744,0.04544765397694046,0.045772537921175936,0.04642230580964689,0.045880832569254425,0.04663889510580387,0.04699987726606551,0.04783013623466728,0.048407707691085905,0.048407707691085905,0.047938430882745776,0.04790233266671961,0.04826331482698125,0.04822721661095509,0.04898527914750453,0.04884088628339987,0.04974334168405398,0.050176520276367945,0.05107897567702204,0.05208972572575463,0.05270339539819942,0.053858538311036666,0.05378634187898434,0.05378634187898434,0.054255618687324474,0.05551905624824021,0.05559125268029254,0.05476099371169077,0.05504977943990008,0.054219520471298306,0.054219520471298306,0.05414732403924598,0.054255618687324474,0.05400293117514132,0.0534253597187227,0.0525229043180686,0.05266729718217326,0.053461457934748866,0.05403902939116749,0.05512197587195241,0.056132725920685,0.05692688667326061,0.058226422450202514,0.059381565363039755,0.05920107428290894,0.05995913681945838,0.060067431467536875,0.060536708275877,0.06180014583679275,0.062341619077185204,0.06216112799705439,0.0633523691259178,0.06295528874963,0.0633523691259178,0.06609583354390626,0.06663730678429872,0.0682617265054761,0.06934467298626101,0.06887539617792089,0.06927247655420869,0.06945296763433952,0.06909198547407787,0.06988614622665348,0.07140227129975237,0.07158276237988319,0.07353206604529604,0.07364036069337454,0.0740735392856885,0.07454281609402863,0.0753730750626304,0.0767809054876508,0.07696139656778161,0.07674480727162464,0.07663651262354615,0.07656431619149381,0.07577015543891821,0.07743067337612175,0.07865801272101133,0.07923558417742996,0.08140147713899978,0.08400054869288359,0.0853000844698255,0.08674401311087206,0.08746597743139534,0.0881157453198663,0.08955967396091286,0.08818794175191862,0.08775476315960465,0.08937918288078203,0.08952357574488669,0.08880161142436341,0.08865721856025875,0.08909039715257272,0.08901820072052039,0.08937918288078203,0.08876551320833724,0.0902094418493838,0.09165337049043036,0.09125629011414256,0.09067871865772394,0.09089530795388091,0.09057042400964545,0.09013724541733148,0.09089530795388091,0.09140068297824722,0.09363877237186938,0.09436073669239266,0.09371096880392171,0.09439683490841883,0.09479391528470663,0.09580466533343922,0.0965266296539625,0.09807885294308755,0.09797055829500906,0.09815104937513988,0.09804275472706139,0.09775396899885208,0.09963107623221261,0.098836915479637,0.09945058515208179,0.09735688862256427,0.09916179942387247,0.09941448693605562,0.10067792449697135,0.10089451379312835,0.1006418262809452,0.10136379060146848,0.10067792449697135,0.10215795135404408,0.10197746027391326,0.1033491924829075,0.10320479961880284,0.10331309426688133,0.10399896037137844,0.10475702290792789,0.10529849614832035,0.10638144262910527,0.10710340694962855,0.10833074629451812,0.10890831775093675,0.10984687136761702,0.11071322855224495,0.11111030892853276,0.11143519287276822,0.11201276432918685,0.1117600768170037,0.11201276432918685,0.11313180902599794,0.11291521972984095,0.11399816621062588,0.11385377334652122,0.11443134480293984,0.11540599663564627,0.11598356809206489,0.11670553241258817,0.1185826396459487,0.11872703251005336,0.11966558612673361,0.11959338969468129,0.11970168434275978,0.12114561298380634,0.12092902368764935,0.12147049692804182,0.12237295232869591,0.12244514876074825,0.12302272021716687,0.12406956848192563,0.12370858632166398,0.12591057749926,0.12605497036336463,0.12634375609157394,0.12728230970825422,0.12883453299737926,0.12887063121340545,0.1297008901820072,0.13024236342239967,0.13013406877432118,0.13125311347113225,